time ground_force_vx ground_force_vy ground_force_vz ground_force_px ground_force_py ground_force_pz
0 21.045 7.339 0 0 0 0
0.000208449138410228 22.766 8.663 0 0 0 0
0.000416898276820456 24.488 9.987 0 0 0 0
0.000625347415230684 26.475 11.311 0 0 0 0
0.000833796553640912 28.541 12.634 0 0 0 0
0.00104224569205114 30.607 13.958 0 0 0 0
0.00125069483046137 32.673 15.282 0 0 0 0
0.0014591439688716 34.739 16.942 0 0 0 0
0.00166759310728182 36.508 18.707 0 0 0 0
0.00187604224569205 38.23 20.472 0 0 0 0
0.00208449138410228 40.015 22.237 0 0 0 0
0.00229294052251251 42.081 24.002 0 0 0 0
0.00250138966092273 44.147 25.767 0 0 0 0
0.00270983879933296 46.214 27.956 0 0 0 0
0.00291828793774319 48.28 30.53 0 0 0 0
0.00312673707615342 50.346 33.104 0 0 0 0
0.00333518621456365 52.412 35.459 0 0 0 0
0.00354363535297387 54.478 37.775 0 0 0 0
0.0037520844913841 56.544 40.092 0 0 0 0
0.00396053362979433 58.61 42.63 0 0 0 0
0.00416898276820456 60.676 45.719 0 0 0 0
0.00437743190661479 62.742 48.807 0 0 0 0
0.00458588104502501 64.808 52.212 0 0 0 0
0.00479433018343524 66.874 55.815 0 0 0 0
0.00500277932184547 68.703 59.419 0 0 0 0
0.0052112284602557 70.474 62.953 0 0 0 0
0.00541967759866593 72.245 66.483 0 0 0 0
0.00562812673707615 73.865 70.013 0 0 0 0
0.00583657587548638 75.415 74.45 0 0 0 0
0.00604502501389661 76.964 79.083 0 0 0 0
0.00625347415230684 78.506 83.639 0 0 0 0
0.00646192329071706 79.981 87.757 0 0 0 0
0.00667037242912729 81.457 91.876 0 0 0 0
0.00687882156753752 82.933 96.385 0 0 0 0
0.00708727070594775 84.117 101.33 0 0 0 0
0.00729571984435798 85.297 106.58 0 0 0 0
0.0075041689827682 86.478 112.75 0 0 0 0
0.00771261812117843 87.403 118.36 0 0 0 0
0.00792106725958866 88.288 123.3 0 0 0 0
0.00812951639799889 89.174 128.35 0 0 0 0
0.00833796553640912 89.657 133.75 0 0 0 0
0.00854641467481934 90.001 139.16 0 0 0 0
0.00875486381322957 90.323 144.56 0 0 0 0
0.0089633129516398 90.323 151.18 0 0 0 0
0.00917176209005003 90.323 157.78 0 0 0 0
0.00938021122846026 90.323 163.19 0 0 0 0
0.00958866036687048 90.323 168.59 0 0 0 0
0.00979710950528071 90.323 174 0 0 0 0
0.0100055586436909 90.253 180 0 0 0 0
0.0102140077821012 89.995 186.18 0 0 0 0
0.0104224569205114 89.737 193.12 0 0 0 0
0.0106309060589216 89.479 199.91 0 0 0 0
0.0108393551973319 89.195 206.09 0 0 0 0
0.0110478043357421 88.899 212.92 0 0 0 0
0.0112562534741523 88.604 220.64 0 0 0 0
0.0114647026125625 88.182 227.37 0 0 0 0
0.0116731517509728 87.665 233.55 0 0 0 0
0.011881600889383 87.149 240.05 0 0 0 0
0.0120900500277932 86.628 247 0 0 0 0
0.0122984991662034 85.595 253.46 0 0 0 0
0.0125069483046137 84.562 259.63 0 0 0 0
0.0127153974430239 83.461 266.12 0 0 0 0
0.0129238465814341 82.221 273.07 0 0 0 0
0.0131322957198444 81.002 279.16 0 0 0 0
0.0133407448582546 79.969 284.72 0 0 0 0
0.0135491939966648 78.936 290.83 0 0 0 0
0.013757643135075 77.66 297.78 0 0 0 0
0.0139660922734853 76.053 304.25 0 0 0 0
0.0141745414118955 74.446 310.43 0 0 0 0
0.0143829905503057 72.839 315.92 0 0 0 0
0.014591439688716 71.214 320.34 0 0 0 0
0.0147998888271262 69.561 324.75 0 0 0 0
0.0150083379655364 67.834 329.36 0 0 0 0
0.0152167871039466 65.768 334.51 0 0 0 0
0.0154252362423569 63.702 339.65 0 0 0 0
0.0156336853807671 61.636 345.41 0 0 0 0
0.0158421345191773 59.57 351.59 0 0 0 0
0.0160505836575875 57.504 357.32 0 0 0 0
0.0162590327959978 55.438 362.26 0 0 0 0
0.016467481934408 53.171 367.06 0 0 0 0
0.0166759310728182 50.691 371.04 0 0 0 0
0.0168843802112285 48.212 375.01 0 0 0 0
0.0170928293496387 45.733 378.99 0 0 0 0
0.0173012784880489 43.253 383.62 0 0 0 0
0.0175097276264591 40.774 388.26 0 0 0 0
0.0177181767648694 38.295 392.71 0 0 0 0
0.0179266259032796 35.323 396.83 0 0 0 0
0.0181350750416898 32.224 400.95 0 0 0 0
0.0183435241801001 29.124 404.37 0 0 0 0
0.0185519733185103 26.025 407.46 0 0 0 0
0.0187604224569205 22.926 410.55 0 0 0 0
0.0189688715953307 20.101 414.15 0 0 0 0
0.019177320733741 17.622 417.76 0 0 0 0
0.0193857698721512 15.012 421.05 0 0 0 0
0.0195942190105614 11.912 423.7 0 0 0 0
0.0198026681489716 8.593 426.34 0 0 0 0
0.0200111172873819 4.977 428.84 0 0 0 0
0.0202195664257921 1.361 430.77 0 0 0 0
0.0204280155642023 -2.254 432.7 0 0 0 0
0.0206364647026126 -6.905 434.63 0 0 0 0
0.0208449138410228 -10.829 436.32 0 0 0 0
0.021053362979433 -13.929 437.86 0 0 0 0
0.0212618121178432 -17.281 439.4 0 0 0 0
0.0214702612562535 -20.588 440.89 0 0 0 0
0.0216787103946637 -23.687 441.66 0 0 0 0
0.0218871595330739 -26.997 442.43 0 0 0 0
0.0220956086714842 -30.346 443.2 0 0 0 0
0.0223040578098944 -33.445 443.58 0 0 0 0
0.0225125069483046 -36.544 443.58 0 0 0 0
0.0227209560867148 -39.643 443.58 0 0 0 0
0.0229294052251251 -43.472 443.58 0 0 0 0
0.0231378543635353 -47.224 443.42 0 0 0 0
0.0233463035019455 -50.323 443.11 0 0 0 0
0.0235547526403558 -53.422 442.8 0 0 0 0
0.023763201778766 -56.521 442.5 0 0 0 0
0.0239716509171762 -59.207 442.17 0 0 0 0
0.0241801000555864 -61.79 441.55 0 0 0 0
0.0243885491939967 -64.372 440.94 0 0 0 0
0.0245969983324069 -66.836 440.32 0 0 0 0
0.0248054474708171 -68.902 439.7 0 0 0 0
0.0250138966092273 -71.275 438.53 0 0 0 0
0.0252223457476376 -73.955 436.99 0 0 0 0
0.0254307948860478 -76.022 435.44 0 0 0 0
0.025639244024458 -77.954 433.91 0 0 0 0
0.0258476931628683 -79.607 432.75 0 0 0 0
0.0260561423012785 -81.25 431.59 0 0 0 0
0.0262645914396887 -82.8 430.44 0 0 0 0
0.0264730405780989 -84.381 429.02 0 0 0 0
0.0266814897165092 -86.034 427.3 0 0 0 0
0.0268899388549194 -87.611 425.59 0 0 0 0
0.0270983879933296 -88.3 423.87 0 0 0 0
0.0273068371317399 -88.989 422.06 0 0 0 0
0.0275152862701501 -89.519 420.13 0 0 0 0
0.0277237354085603 -89.815 418.2 0 0 0 0
0.0279321845469705 -90.11 416.27 0 0 0 0
0.0281406336853808 -90.323 414.34 0 0 0 0
0.028349082823791 -90.323 412.4 0 0 0 0
0.0285575319622012 -90.323 410.47 0 0 0 0
0.0287659811006114 -90.323 408.45 0 0 0 0
0.0289744302390217 -90.323 406.25 0 0 0 0
0.0291828793774319 -90.323 404.04 0 0 0 0
0.0293913285158421 -90.313 401.89 0 0 0 0
0.0295997776542524 -90.018 399.96 0 0 0 0
0.0298082267926626 -89.722 398.03 0 0 0 0
0.0300166759310728 -89.427 396.1 0 0 0 0
0.030225125069483 -88.774 394.17 0 0 0 0
0.0304335742078933 -88.085 392.24 0 0 0 0
0.0306420233463035 -87.396 390.31 0 0 0 0
0.0308504724847137 -86.708 388.38 0 0 0 0
0.031058921623124 -86.019 386.45 0 0 0 0
0.0312673707615342 -85.33 384.52 0 0 0 0
0.0314758198999444 -84.642 382.59 0 0 0 0
0.0316842690383546 -83.953 380.06 0 0 0 0
0.0318927181767649 -83.568 376.97 0 0 0 0
0.0321011673151751 -83.223 373.88 0 0 0 0
0.0323096164535853 -82.78 370.97 0 0 0 0
0.0325180655919956 -81.954 368.32 0 0 0 0
0.0327265147304058 -81.127 365.68 0 0 0 0
0.032934963868816 -80.771 362.91 0 0 0 0
0.0331434130072262 -80.426 359.82 0 0 0 0
0.0333518621456365 -80.061 356.73 0 0 0 0
0.0335603112840467 -79.648 353.64 0 0 0 0
0.0337687604224569 -79.243 350.55 0 0 0 0
0.0339772095608671 -78.948 347.46 0 0 0 0
0.0341856586992774 -78.653 344.12 0 0 0 0
0.0343941078376876 -78.357 340.52 0 0 0 0
0.0346025569760978 -78.016 336.92 0 0 0 0
0.0348110061145081 -77.672 333.73 0 0 0 0
0.0350194552529183 -77.419 330.64 0 0 0 0
0.0352279043913285 -77.419 327.34 0 0 0 0
0.0354363535297387 -77.419 322.71 0 0 0 0
0.035644802668149 -77.419 318.07 0 0 0 0
0.0358532518065592 -77.419 313.44 0 0 0 0
0.0360617009449694 -77.419 308.81 0 0 0 0
0.0362701500833797 -77.419 304.17 0 0 0 0
0.0364785992217899 -77.419 298.81 0 0 0 0
0.0366870483602001 -77.419 293.25 0 0 0 0
0.0368954974986103 -77.3 288.39 0 0 0 0
0.0371039466370206 -76.956 284.06 0 0 0 0
0.0373123957754308 -76.612 279.74 0 0 0 0
0.037520844913841 -76.267 275.41 0 0 0 0
0.0377292940522512 -75.923 271.02 0 0 0 0
0.0379377431906615 -75.579 266.08 0 0 0 0
0.0381461923290717 -75.576 261.14 0 0 0 0
0.0383546414674819 -75.576 255.65 0 0 0 0
0.0385630906058922 -75.483 250.09 0 0 0 0
0.0387715397443024 -75.188 243.73 0 0 0 0
0.0389799888827126 -74.892 236.93 0 0 0 0
0.0391884380211228 -74.575 230.4 0 0 0 0
0.0393968871595331 -74.161 224.22 0 0 0 0
0.0396053362979433 -73.748 218.17 0 0 0 0
0.0398137854363535 -73.335 212.61 0 0 0 0
0.0400222345747638 -72.922 207.05 0 0 0 0
0.040230683713174 -72.307 201.49 0 0 0 0
0.0404391328515842 -71.618 195.93 0 0 0 0
0.0406475819899944 -70.929 189.34 0 0 0 0
0.0408560311284047 -70.241 182.39 0 0 0 0
0.0410644802668149 -69.552 176.92 0 0 0 0
0.0412729294052251 -68.994 171.49 0 0 0 0
0.0414813785436354 -68.65 165.93 0 0 0 0
0.0416898276820456 -68.305 160.37 0 0 0 0
0.0418982768204558 -67.622 155.39 0 0 0 0
0.042106725958866 -66.796 150.45 0 0 0 0
0.0423151750972763 -65.969 146.11 0 0 0 0
0.0425236242356865 -65.143 141.99 0 0 0 0
0.0427320733740967 -64.35 137.83 0 0 0 0
0.0429405225125069 -63.661 132.89 0 0 0 0
0.0431489716509172 -62.972 127.95 0 0 0 0
0.0433574207893274 -62.089 123.51 0 0 0 0
0.0435658699277376 -61.056 119.19 0 0 0 0
0.0437743190661479 -60.023 114.86 0 0 0 0
0.0439827682045581 -59.296 110.54 0 0 0 0
0.0441912173429683 -58.607 106.67 0 0 0 0
0.0443996664813785 -57.992 103.58 0 0 0 0
0.0446081156197888 -57.647 100.49 0 0 0 0
0.044816564758199 -57.303 96.687 0 0 0 0
0.0450250138966092 -56.7 92.569 0 0 0 0
0.0452334630350195 -55.874 88.471 0 0 0 0
0.0454419121734297 -55.3 85.382 0 0 0 0
0.0456503613118399 -55.3 82.294 0 0 0 0
0.0458588104502501 -55.3 79.383 0 0 0 0
0.0460672595886604 -55.083 76.809 0 0 0 0
0.0462757087270706 -54.739 74.235 0 0 0 0
0.0464841578654808 -54.395 71.315 0 0 0 0
0.0466926070038911 -53.591 68.226 0 0 0 0
0.0469010561423013 -52.765 65.138 0 0 0 0
0.0471095052807115 -52.535 63.078 0 0 0 0
0.0473179544191217 -52.535 61.019 0 0 0 0
0.047526403557532 -52.535 58.96 0 0 0 0
0.0477348526959422 -52.535 56.901 0 0 0 0
0.0479433018343524 -52.535 54.842 0 0 0 0
0.0481517509727626 -52.535 53.119 0 0 0 0
0.0483602001111729 -52.535 51.575 0 0 0 0
0.0485686492495831 -52.535 50.031 0 0 0 0
0.0487770983879933 -52.356 48.486 0 0 0 0
0.0489855475264036 -52.098 46.942 0 0 0 0
0.0491939966648138 -51.839 45.556 0 0 0 0
0.049402445803224 -51.613 44.526 0 0 0 0
0.0496108949416342 -51.613 43.496 0 0 0 0
0.0498193440800445 -51.613 42.336 0 0 0 0
0.0500277932184547 -51.613 41.101 0 0 0 0
0.0502362423568649 -51.613 39.949 0 0 0 0
0.0504446914952752 -51.613 38.919 0 0 0 0
0.0506531406336854 -51.613 37.89 0 0 0 0
0.0508615897720956 -51.613 36.968 0 0 0 0
0.0510700389105058 -51.613 36.086 0 0 0 0
0.0512784880489161 -51.613 35.203 0 0 0 0
0.0514869371873263 -51.613 34.546 0 0 0 0
0.0516953863257365 -51.613 34.032 0 0 0 0
0.0519038354641468 -51.613 33.517 0 0 0 0
0.052112284602557 -51.613 33.002 0 0 0 0
0.0523207337409672 -51.512 32.487 0 0 0 0
0.0525291828793774 -51.167 31.972 0 0 0 0
0.0527376320177877 -50.823 31.458 0 0 0 0
0.0529460811561979 -50.479 30.943 0 0 0 0
0.0531545302946081 -50.134 30.472 0 0 0 0
0.0533629794330183 -49.79 30.031 0 0 0 0
0.0535714285714286 -49.77 29.589 0 0 0 0
0.0537798777098388 -49.77 29.358 0 0 0 0
0.053988326848249 -49.77 29.358 0 0 0 0
0.0541967759866593 -49.558 29.358 0 0 0 0
0.0544052251250695 -49.3 29.358 0 0 0 0
0.0546136742634797 -49.042 29.358 0 0 0 0
0.0548221234018899 -48.701 29.358 0 0 0 0
0.0550305725403002 -48.111 29.358 0 0 0 0
0.0552390216787104 -47.52 29.358 0 0 0 0
0.0554474708171206 -46.967 29.358 0 0 0 0
0.0556559199555308 -46.672 29.358 0 0 0 0
0.0558643690939411 -46.377 29.358 0 0 0 0
0.0560728182323513 -46.08 29.358 0 0 0 0
0.0562812673707615 -45.392 29.358 0 0 0 0
0.0564897165091718 -44.703 29.358 0 0 0 0
0.056698165647582 -44.014 29.358 0 0 0 0
0.0569066147859922 -43.326 29.358 0 0 0 0
0.0571150639244024 -42.637 29.358 0 0 0 0
0.0573235130628127 -42.012 29.358 0 0 0 0
0.0575319622012229 -41.422 29.358 0 0 0 0
0.0577404113396331 -40.832 29.358 0 0 0 0
0.0579488604780434 -40.086 29.358 0 0 0 0
0.0581573096164536 -39.2 29.358 0 0 0 0
0.0583657587548638 -38.315 29.358 0 0 0 0
0.058574207893274 -37.549 29.358 0 0 0 0
0.0587826570316843 -36.959 29.358 0 0 0 0
0.0589911061700945 -36.368 29.358 0 0 0 0
0.0591995553085047 -35.695 29.358 0 0 0 0
0.0594080044469149 -34.809 29.358 0 0 0 0
0.0596164535853252 -33.924 29.358 0 0 0 0
0.0598249027237354 -33.085 29.358 0 0 0 0
0.0600333518621456 -32.495 29.358 0 0 0 0
0.0602418010005559 -31.905 29.358 0 0 0 0
0.0604502501389661 -31.303 29.358 0 0 0 0
0.0606586992773763 -30.418 29.358 0 0 0 0
0.0608671484157865 -29.533 29.358 0 0 0 0
0.0610755975541968 -28.647 29.079 0 0 0 0
0.061284046692607 -28.032 28.693 0 0 0 0
0.0614924958310172 -27.441 28.307 0 0 0 0
0.0617009449694275 -26.851 27.912 0 0 0 0
0.0619093941078377 -26.074 27.471 0 0 0 0
0.0621178432462479 -25.247 27.029 0 0 0 0
0.0623262923846581 -24.498 26.606 0 0 0 0
0.0625347415230684 -23.81 26.606 0 0 0 0
0.0627431906614786 -23.121 26.606 0 0 0 0
0.0629516397998888 -22.584 26.606 0 0 0 0
0.0631600889382991 -22.068 26.606 0 0 0 0
0.0633685380767093 -21.551 26.606 0 0 0 0
0.0635769872151195 -21.012 26.478 0 0 0 0
0.0637854363535297 -20.421 25.963 0 0 0 0
0.06399388549194 -19.831 25.449 0 0 0 0
0.0642023346303502 -19.184 24.934 0 0 0 0
0.0644107837687604 -18.298 24.419 0 0 0 0
0.0646192329071707 -17.413 23.904 0 0 0 0
0.0648276820455809 -16.548 23.058 0 0 0 0
0.0650361311839911 -15.958 22.176 0 0 0 0
0.0652445803224013 -15.368 21.293 0 0 0 0
0.0654530294608116 -14.777 20.756 0 0 0 0
0.0656614785992218 -14.502 20.315 0 0 0 0
0.065869927737632 -14.243 19.873 0 0 0 0
0.0660783768760422 -13.985 19.139 0 0 0 0
0.0662868260144525 -13.601 18.257 0 0 0 0
0.0664952751528627 -13.011 17.374 0 0 0 0
0.0667037242912729 -12.42 16.492 0 0 0 0
0.0669121734296832 -11.83 15.609 0 0 0 0
0.0671206225680934 -11.24 14.727 0 0 0 0
0.0673290717065036 -10.65 14.032 0 0 0 0
0.0675375208449138 -10.092 13.591 0 0 0 0
0.0677459699833241 -9.748 13.15 0 0 0 0
0.0679544191217343 -9.403 12.709 0 0 0 0
0.0681628682601445 -9.082 12.267 0 0 0 0
0.0683713173985548 -8.786 11.826 0 0 0 0
0.068579766536965 -8.491 11.385 0 0 0 0
0.0687882156753752 -7.999 10.944 0 0 0 0
0.0689966648137854 -7.113 10.502 0 0 0 0
0.0692051139521957 -6.228 10.056 0 0 0 0
0.0694135630906059 -5.421 9.541 0 0 0 0
0.0696220122290161 -4.904 9.027 0 0 0 0
0.0698304613674263 -4.387 8.512 0 0 0 0
0.0700389105058366 -3.871 7.997 0 0 0 0
0.0702473596442468 -2.927 7.482 0 0 0 0
0.070455808782657 -1.747 7.021 0 0 0 0
0.0706642579210673 -0.566 6.579 0 0 0 0
0.0708727070594775 0.614 6.138 0 0 0 0
0.0710811561978877 1.795 5.697 0 0 0 0
0.0712896053362979 2.976 5.256 0 0 0 0
0.0714980544747082 4.235 4.814 0 0 0 0
0.0717065036131184 5.612 4.587 0 0 0 0
0.0719149527515286 6.989 4.587 0 0 0 0
0.0721234018899388 8.225 4.587 0 0 0 0
0.0723318510283491 9.405 4.749 0 0 0 0
0.0725403001667593 10.586 5.19 0 0 0 0
0.0727487493051695 12.09 5.631 0 0 0 0
0.0729571984435798 13.812 6.218 0 0 0 0
0.07316564758199 15.534 7.248 0 0 0 0
0.0733740967204002 16.938 8.277 0 0 0 0
0.0735825458588105 18.315 9.07 0 0 0 0
0.0737909949972207 19.988 9.688 0 0 0 0
0.0739994441356309 22.571 10.092 0 0 0 0
0.0742078932740411 23.804 10.092 0 0 0 0
0.0744163424124514 23.46 10.092 0 0 0 0
0.0746247915508616 23.116 9.857 0 0 0 0
0.0748332406892718 22.393 8.828 0 0 0 0
0.075041689827682 21.045 7.339 0 0 0 0
0.0752501389660923 22.766 8.663 0 0 0 0
0.0754585881045025 24.488 9.987 0 0 0 0
0.0756670372429127 26.475 11.311 0 0 0 0
0.075875486381323 28.541 12.634 0 0 0 0
0.0760839355197332 30.607 13.958 0 0 0 0
0.0762923846581434 32.673 15.282 0 0 0 0
0.0765008337965536 34.739 16.942 0 0 0 0
0.0767092829349639 36.508 18.707 0 0 0 0
0.0769177320733741 38.23 20.472 0 0 0 0
0.0771261812117843 40.015 22.237 0 0 0 0
0.0773346303501946 42.081 24.002 0 0 0 0
0.0775430794886048 44.147 25.767 0 0 0 0
0.077751528627015 46.214 27.956 0 0 0 0
0.0779599777654252 48.28 30.53 0 0 0 0
0.0781684269038355 50.346 33.104 0 0 0 0
0.0783768760422457 52.412 35.459 0 0 0 0
0.0785853251806559 54.478 37.775 0 0 0 0
0.0787937743190661 56.544 40.092 0 0 0 0
0.0790022234574764 58.61 42.63 0 0 0 0
0.0792106725958866 60.676 45.719 0 0 0 0
0.0794191217342968 62.742 48.807 0 0 0 0
0.0796275708727071 64.808 52.212 0 0 0 0
0.0798360200111173 66.874 55.815 0 0 0 0
0.0800444691495275 68.703 59.419 0 0 0 0
0.0802529182879377 70.474 62.953 0 0 0 0
0.080461367426348 72.245 66.483 0 0 0 0
0.0806698165647582 73.865 70.013 0 0 0 0
0.0808782657031684 75.415 74.45 0 0 0 0
0.0810867148415787 76.964 79.083 0 0 0 0
0.0812951639799889 78.506 83.639 0 0 0 0
0.0815036131183991 79.981 87.757 0 0 0 0
0.0817120622568093 81.457 91.876 0 0 0 0
0.0819205113952196 82.933 96.385 0 0 0 0
0.0821289605336298 84.117 101.33 0 0 0 0
0.08233740967204 85.297 106.58 0 0 0 0
0.0825458588104502 86.478 112.75 0 0 0 0
0.0827543079488605 87.403 118.36 0 0 0 0
0.0829627570872707 88.288 123.3 0 0 0 0
0.0831712062256809 89.174 128.35 0 0 0 0
0.0833796553640912 89.657 133.75 0 0 0 0
0.0835881045025014 90.001 139.16 0 0 0 0
0.0837965536409116 90.323 144.56 0 0 0 0
0.0840050027793219 90.323 151.18 0 0 0 0
0.0842134519177321 90.323 157.78 0 0 0 0
0.0844219010561423 90.323 163.19 0 0 0 0
0.0846303501945525 90.323 168.59 0 0 0 0
0.0848387993329628 90.323 174 0 0 0 0
0.085047248471373 90.253 180 0 0 0 0
0.0852556976097832 89.995 186.18 0 0 0 0
0.0854641467481934 89.737 193.12 0 0 0 0
0.0856725958866037 89.479 199.91 0 0 0 0
0.0858810450250139 89.195 206.09 0 0 0 0
0.0860894941634241 88.899 212.92 0 0 0 0
0.0862979433018344 88.604 220.64 0 0 0 0
0.0865063924402446 88.182 227.37 0 0 0 0
0.0867148415786548 87.665 233.55 0 0 0 0
0.086923290717065 87.149 240.05 0 0 0 0
0.0871317398554753 86.628 247 0 0 0 0
0.0873401889938855 85.595 253.46 0 0 0 0
0.0875486381322957 84.562 259.63 0 0 0 0
0.0877570872707059 83.461 266.12 0 0 0 0
0.0879655364091162 82.221 273.07 0 0 0 0
0.0881739855475264 81.002 279.16 0 0 0 0
0.0883824346859366 79.969 284.72 0 0 0 0
0.0885908838243469 78.936 290.83 0 0 0 0
0.0887993329627571 77.66 297.78 0 0 0 0
0.0890077821011673 76.053 304.25 0 0 0 0
0.0892162312395775 74.446 310.43 0 0 0 0
0.0894246803779878 72.839 315.92 0 0 0 0
0.089633129516398 71.214 320.34 0 0 0 0
0.0898415786548082 69.561 324.75 0 0 0 0
0.0900500277932185 67.834 329.36 0 0 0 0
0.0902584769316287 65.768 334.51 0 0 0 0
0.0904669260700389 63.702 339.65 0 0 0 0
0.0906753752084491 61.636 345.41 0 0 0 0
0.0908838243468594 59.57 351.59 0 0 0 0
0.0910922734852696 57.504 357.32 0 0 0 0
0.0913007226236798 55.438 362.26 0 0 0 0
0.09150917176209 53.171 367.06 0 0 0 0
0.0917176209005003 50.691 371.04 0 0 0 0
0.0919260700389105 48.212 375.01 0 0 0 0
0.0921345191773207 45.733 378.99 0 0 0 0
0.092342968315731 43.253 383.62 0 0 0 0
0.0925514174541412 40.774 388.26 0 0 0 0
0.0927598665925514 38.295 392.71 0 0 0 0
0.0929683157309616 35.323 396.83 0 0 0 0
0.0931767648693719 32.224 400.95 0 0 0 0
0.0933852140077821 29.124 404.37 0 0 0 0
0.0935936631461923 26.025 407.46 0 0 0 0
0.0938021122846026 22.926 410.55 0 0 0 0
0.0940105614230128 20.101 414.15 0 0 0 0
0.094219010561423 17.622 417.76 0 0 0 0
0.0944274596998332 15.012 421.05 0 0 0 0
0.0946359088382435 11.912 423.7 0 0 0 0
0.0948443579766537 8.593 426.34 0 0 0 0
0.0950528071150639 4.977 428.84 0 0 0 0
0.0952612562534741 1.361 430.77 0 0 0 0
0.0954697053918844 -2.254 432.7 0 0 0 0
0.0956781545302946 -6.905 434.63 0 0 0 0
0.0958866036687048 -10.829 436.32 0 0 0 0
0.0960950528071151 -13.929 437.86 0 0 0 0
0.0963035019455253 -17.281 439.4 0 0 0 0
0.0965119510839355 -20.588 440.89 0 0 0 0
0.0967204002223458 -23.687 441.66 0 0 0 0
0.096928849360756 -26.997 442.43 0 0 0 0
0.0971372984991662 -30.346 443.2 0 0 0 0
0.0973457476375764 -33.445 443.58 0 0 0 0
0.0975541967759867 -36.544 443.58 0 0 0 0
0.0977626459143969 -39.643 443.58 0 0 0 0
0.0979710950528071 -43.472 443.58 0 0 0 0
0.0981795441912173 -47.224 443.42 0 0 0 0
0.0983879933296276 -50.323 443.11 0 0 0 0
0.0985964424680378 -53.422 442.8 0 0 0 0
0.098804891606448 -56.521 442.5 0 0 0 0
0.0990133407448582 -59.207 442.17 0 0 0 0
0.0992217898832685 -61.79 441.55 0 0 0 0
0.0994302390216787 -64.372 440.94 0 0 0 0
0.0996386881600889 -66.836 440.32 0 0 0 0
0.0998471372984992 -68.902 439.7 0 0 0 0
0.100055586436909 -71.275 438.53 0 0 0 0
0.10026403557532 -73.955 436.99 0 0 0 0
0.10047248471373 -76.022 435.44 0 0 0 0
0.10068093385214 -77.954 433.91 0 0 0 0
0.10088938299055 -79.607 432.75 0 0 0 0
0.101097832128961 -81.25 431.59 0 0 0 0
0.101306281267371 -82.8 430.44 0 0 0 0
0.101514730405781 -84.381 429.02 0 0 0 0
0.101723179544191 -86.034 427.3 0 0 0 0
0.101931628682601 -87.611 425.59 0 0 0 0
0.102140077821012 -88.3 423.87 0 0 0 0
0.102348526959422 -88.989 422.06 0 0 0 0
0.102556976097832 -89.519 420.13 0 0 0 0
0.102765425236242 -89.815 418.2 0 0 0 0
0.102973874374653 -90.11 416.27 0 0 0 0
0.103182323513063 -90.323 414.34 0 0 0 0
0.103390772651473 -90.323 412.4 0 0 0 0
0.103599221789883 -90.323 410.47 0 0 0 0
0.103807670928294 -90.323 408.45 0 0 0 0
0.104016120066704 -90.323 406.25 0 0 0 0
0.104224569205114 -90.323 404.04 0 0 0 0
0.104433018343524 -90.313 401.89 0 0 0 0
0.104641467481934 -90.018 399.96 0 0 0 0
0.104849916620345 -89.722 398.03 0 0 0 0
0.105058365758755 -89.427 396.1 0 0 0 0
0.105266814897165 -88.774 394.17 0 0 0 0
0.105475264035575 -88.085 392.24 0 0 0 0
0.105683713173986 -87.396 390.31 0 0 0 0
0.105892162312396 -86.708 388.38 0 0 0 0
0.106100611450806 -86.019 386.45 0 0 0 0
0.106309060589216 -85.33 384.52 0 0 0 0
0.106517509727626 -84.642 382.59 0 0 0 0
0.106725958866037 -83.953 380.06 0 0 0 0
0.106934408004447 -83.568 376.97 0 0 0 0
0.107142857142857 -83.223 373.88 0 0 0 0
0.107351306281267 -82.78 370.97 0 0 0 0
0.107559755419678 -81.954 368.32 0 0 0 0
0.107768204558088 -81.127 365.68 0 0 0 0
0.107976653696498 -80.771 362.91 0 0 0 0
0.108185102834908 -80.426 359.82 0 0 0 0
0.108393551973319 -80.061 356.73 0 0 0 0
0.108602001111729 -79.648 353.64 0 0 0 0
0.108810450250139 -79.243 350.55 0 0 0 0
0.109018899388549 -78.948 347.46 0 0 0 0
0.109227348526959 -78.653 344.12 0 0 0 0
0.10943579766537 -78.357 340.52 0 0 0 0
0.10964424680378 -78.016 336.92 0 0 0 0
0.10985269594219 -77.672 333.73 0 0 0 0
0.1100611450806 -77.419 330.64 0 0 0 0
0.110269594219011 -77.419 327.34 0 0 0 0
0.110478043357421 -77.419 322.71 0 0 0 0
0.110686492495831 -77.419 318.07 0 0 0 0
0.110894941634241 -77.419 313.44 0 0 0 0
0.111103390772651 -77.419 308.81 0 0 0 0
0.111311839911062 -77.419 304.17 0 0 0 0
0.111520289049472 -77.419 298.81 0 0 0 0
0.111728738187882 -77.419 293.25 0 0 0 0
0.111937187326292 -77.3 288.39 0 0 0 0
0.112145636464703 -76.956 284.06 0 0 0 0
0.112354085603113 -76.612 279.74 0 0 0 0
0.112562534741523 -76.267 275.41 0 0 0 0
0.112770983879933 -75.923 271.02 0 0 0 0
0.112979433018344 -75.579 266.08 0 0 0 0
0.113187882156754 -75.576 261.14 0 0 0 0
0.113396331295164 -75.576 255.65 0 0 0 0
0.113604780433574 -75.483 250.09 0 0 0 0
0.113813229571984 -75.188 243.73 0 0 0 0
0.114021678710395 -74.892 236.93 0 0 0 0
0.114230127848805 -74.575 230.4 0 0 0 0
0.114438576987215 -74.161 224.22 0 0 0 0
0.114647026125625 -73.748 218.17 0 0 0 0
0.114855475264036 -73.335 212.61 0 0 0 0
0.115063924402446 -72.922 207.05 0 0 0 0
0.115272373540856 -72.307 201.49 0 0 0 0
0.115480822679266 -71.618 195.93 0 0 0 0
0.115689271817676 -70.929 189.34 0 0 0 0
0.115897720956087 -70.241 182.39 0 0 0 0
0.116106170094497 -69.552 176.92 0 0 0 0
0.116314619232907 -68.994 171.49 0 0 0 0
0.116523068371317 -68.65 165.93 0 0 0 0
0.116731517509728 -68.305 160.37 0 0 0 0
0.116939966648138 -67.622 155.39 0 0 0 0
0.117148415786548 -66.796 150.45 0 0 0 0
0.117356864924958 -65.969 146.11 0 0 0 0
0.117565314063369 -65.143 141.99 0 0 0 0
0.117773763201779 -64.35 137.83 0 0 0 0
0.117982212340189 -63.661 132.89 0 0 0 0
0.118190661478599 -62.972 127.95 0 0 0 0
0.118399110617009 -62.089 123.51 0 0 0 0
0.11860755975542 -61.056 119.19 0 0 0 0
0.11881600889383 -60.023 114.86 0 0 0 0
0.11902445803224 -59.296 110.54 0 0 0 0
0.11923290717065 -58.607 106.67 0 0 0 0
0.119441356309061 -57.992 103.58 0 0 0 0
0.119649805447471 -57.647 100.49 0 0 0 0
0.119858254585881 -57.303 96.687 0 0 0 0
0.120066703724291 -56.7 92.569 0 0 0 0
0.120275152862702 -55.874 88.471 0 0 0 0
0.120483602001112 -55.3 85.382 0 0 0 0
0.120692051139522 -55.3 82.294 0 0 0 0
0.120900500277932 -55.3 79.383 0 0 0 0
0.121108949416342 -55.083 76.809 0 0 0 0
0.121317398554753 -54.739 74.235 0 0 0 0
0.121525847693163 -54.395 71.315 0 0 0 0
0.121734296831573 -53.591 68.226 0 0 0 0
0.121942745969983 -52.765 65.138 0 0 0 0
0.122151195108394 -52.535 63.078 0 0 0 0
0.122359644246804 -52.535 61.019 0 0 0 0
0.122568093385214 -52.535 58.96 0 0 0 0
0.122776542523624 -52.535 56.901 0 0 0 0
0.122984991662034 -52.535 54.842 0 0 0 0
0.123193440800445 -52.535 53.119 0 0 0 0
0.123401889938855 -52.535 51.575 0 0 0 0
0.123610339077265 -52.535 50.031 0 0 0 0
0.123818788215675 -52.356 48.486 0 0 0 0
0.124027237354086 -52.098 46.942 0 0 0 0
0.124235686492496 -51.839 45.556 0 0 0 0
0.124444135630906 -51.613 44.526 0 0 0 0
0.124652584769316 -51.613 43.496 0 0 0 0
0.124861033907727 -51.613 42.336 0 0 0 0
0.125069483046137 -51.613 41.101 0 0 0 0
0.125277932184547 -51.613 39.949 0 0 0 0
0.125486381322957 -51.613 38.919 0 0 0 0
0.125694830461367 -51.613 37.89 0 0 0 0
0.125903279599778 -51.613 36.968 0 0 0 0
0.126111728738188 -51.613 36.086 0 0 0 0
0.126320177876598 -51.613 35.203 0 0 0 0
0.126528627015008 -51.613 34.546 0 0 0 0
0.126737076153419 -51.613 34.032 0 0 0 0
0.126945525291829 -51.613 33.517 0 0 0 0
0.127153974430239 -51.613 33.002 0 0 0 0
0.127362423568649 -51.512 32.487 0 0 0 0
0.127570872707059 -51.167 31.972 0 0 0 0
0.12777932184547 -50.823 31.458 0 0 0 0
0.12798777098388 -50.479 30.943 0 0 0 0
0.12819622012229 -50.134 30.472 0 0 0 0
0.1284046692607 -49.79 30.031 0 0 0 0
0.128613118399111 -49.77 29.589 0 0 0 0
0.128821567537521 -49.77 29.358 0 0 0 0
0.129030016675931 -49.77 29.358 0 0 0 0
0.129238465814341 -49.558 29.358 0 0 0 0
0.129446914952752 -49.3 29.358 0 0 0 0
0.129655364091162 -49.042 29.358 0 0 0 0
0.129863813229572 -48.701 29.358 0 0 0 0
0.130072262367982 -48.111 29.358 0 0 0 0
0.130280711506392 -47.52 29.358 0 0 0 0
0.130489160644803 -46.967 29.358 0 0 0 0
0.130697609783213 -46.672 29.358 0 0 0 0
0.130906058921623 -46.377 29.358 0 0 0 0
0.131114508060033 -46.08 29.358 0 0 0 0
0.131322957198444 -45.392 29.358 0 0 0 0
0.131531406336854 -44.703 29.358 0 0 0 0
0.131739855475264 -44.014 29.358 0 0 0 0
0.131948304613674 -43.326 29.358 0 0 0 0
0.132156753752084 -42.637 29.358 0 0 0 0
0.132365202890495 -42.012 29.358 0 0 0 0
0.132573652028905 -41.422 29.358 0 0 0 0
0.132782101167315 -40.832 29.358 0 0 0 0
0.132990550305725 -40.086 29.358 0 0 0 0
0.133198999444136 -39.2 29.358 0 0 0 0
0.133407448582546 -38.315 29.358 0 0 0 0
0.133615897720956 -37.549 29.358 0 0 0 0
0.133824346859366 -36.959 29.358 0 0 0 0
0.134032795997777 -36.368 29.358 0 0 0 0
0.134241245136187 -35.695 29.358 0 0 0 0
0.134449694274597 -34.809 29.358 0 0 0 0
0.134658143413007 -33.924 29.358 0 0 0 0
0.134866592551417 -33.085 29.358 0 0 0 0
0.135075041689828 -32.495 29.358 0 0 0 0
0.135283490828238 -31.905 29.358 0 0 0 0
0.135491939966648 -31.303 29.358 0 0 0 0
0.135700389105058 -30.418 29.358 0 0 0 0
0.135908838243469 -29.533 29.358 0 0 0 0
0.136117287381879 -28.647 29.079 0 0 0 0
0.136325736520289 -28.032 28.693 0 0 0 0
0.136534185658699 -27.441 28.307 0 0 0 0
0.13674263479711 -26.851 27.912 0 0 0 0
0.13695108393552 -26.074 27.471 0 0 0 0
0.13715953307393 -25.247 27.029 0 0 0 0
0.13736798221234 -24.498 26.606 0 0 0 0
0.13757643135075 -23.81 26.606 0 0 0 0
0.137784880489161 -23.121 26.606 0 0 0 0
0.137993329627571 -22.584 26.606 0 0 0 0
0.138201778765981 -22.068 26.606 0 0 0 0
0.138410227904391 -21.551 26.606 0 0 0 0
0.138618677042802 -21.012 26.478 0 0 0 0
0.138827126181212 -20.421 25.963 0 0 0 0
0.139035575319622 -19.831 25.449 0 0 0 0
0.139244024458032 -19.184 24.934 0 0 0 0
0.139452473596442 -18.298 24.419 0 0 0 0
0.139660922734853 -17.413 23.904 0 0 0 0
0.139869371873263 -16.548 23.058 0 0 0 0
0.140077821011673 -15.958 22.176 0 0 0 0
0.140286270150083 -15.368 21.293 0 0 0 0
0.140494719288494 -14.777 20.756 0 0 0 0
0.140703168426904 -14.502 20.315 0 0 0 0
0.140911617565314 -14.243 19.873 0 0 0 0
0.141120066703724 -13.985 19.139 0 0 0 0
0.141328515842135 -13.601 18.257 0 0 0 0
0.141536964980545 -13.011 17.374 0 0 0 0
0.141745414118955 -12.42 16.492 0 0 0 0
0.141953863257365 -11.83 15.609 0 0 0 0
0.142162312395775 -11.24 14.727 0 0 0 0
0.142370761534186 -10.65 14.032 0 0 0 0
0.142579210672596 -10.092 13.591 0 0 0 0
0.142787659811006 -9.748 13.15 0 0 0 0
0.142996108949416 -9.403 12.709 0 0 0 0
0.143204558087827 -9.082 12.267 0 0 0 0
0.143413007226237 -8.786 11.826 0 0 0 0
0.143621456364647 -8.491 11.385 0 0 0 0
0.143829905503057 -7.999 10.944 0 0 0 0
0.144038354641467 -7.113 10.502 0 0 0 0
0.144246803779878 -6.228 10.056 0 0 0 0
0.144455252918288 -5.421 9.541 0 0 0 0
0.144663702056698 -4.904 9.027 0 0 0 0
0.144872151195108 -4.387 8.512 0 0 0 0
0.145080600333519 -3.871 7.997 0 0 0 0
0.145289049471929 -2.927 7.482 0 0 0 0
0.145497498610339 -1.747 7.021 0 0 0 0
0.145705947748749 -0.566 6.579 0 0 0 0
0.14591439688716 0.614 6.138 0 0 0 0
0.14612284602557 1.795 5.697 0 0 0 0
0.14633129516398 2.976 5.256 0 0 0 0
0.14653974430239 4.235 4.814 0 0 0 0
0.1467481934408 5.612 4.587 0 0 0 0
0.146956642579211 6.989 4.587 0 0 0 0
0.147165091717621 8.225 4.587 0 0 0 0
0.147373540856031 9.405 4.749 0 0 0 0
0.147581989994441 10.586 5.19 0 0 0 0
0.147790439132852 12.09 5.631 0 0 0 0
0.147998888271262 13.812 6.218 0 0 0 0
0.148207337409672 15.534 7.248 0 0 0 0
0.148415786548082 16.938 8.277 0 0 0 0
0.148624235686492 18.315 9.07 0 0 0 0
0.148832684824903 19.988 9.688 0 0 0 0
0.149041133963313 22.571 10.092 0 0 0 0
0.149249583101723 23.804 10.092 0 0 0 0
0.149458032240133 23.46 10.092 0 0 0 0
0.149666481378544 23.116 9.857 0 0 0 0
0.149874930516954 22.393 8.828 0 0 0 0
0.150083379655364 21.045 7.339 0 0 0 0
0.150291828793774 22.766 8.663 0 0 0 0
0.150500277932185 24.488 9.987 0 0 0 0
0.150708727070595 26.475 11.311 0 0 0 0
0.150917176209005 28.541 12.634 0 0 0 0
0.151125625347415 30.607 13.958 0 0 0 0
0.151334074485825 32.673 15.282 0 0 0 0
0.151542523624236 34.739 16.942 0 0 0 0
0.151750972762646 36.508 18.707 0 0 0 0
0.151959421901056 38.23 20.472 0 0 0 0
0.152167871039466 40.015 22.237 0 0 0 0
0.152376320177877 42.081 24.002 0 0 0 0
0.152584769316287 44.147 25.767 0 0 0 0
0.152793218454697 46.214 27.956 0 0 0 0
0.153001667593107 48.28 30.53 0 0 0 0
0.153210116731518 50.346 33.104 0 0 0 0
0.153418565869928 52.412 35.459 0 0 0 0
0.153627015008338 54.478 37.775 0 0 0 0
0.153835464146748 56.544 40.092 0 0 0 0
0.154043913285158 58.61 42.63 0 0 0 0
0.154252362423569 60.676 45.719 0 0 0 0
0.154460811561979 62.742 48.807 0 0 0 0
0.154669260700389 64.808 52.212 0 0 0 0
0.154877709838799 66.874 55.815 0 0 0 0
0.15508615897721 68.703 59.419 0 0 0 0
0.15529460811562 70.474 62.953 0 0 0 0
0.15550305725403 72.245 66.483 0 0 0 0
0.15571150639244 73.865 70.013 0 0 0 0
0.15591995553085 75.415 74.45 0 0 0 0
0.156128404669261 76.964 79.083 0 0 0 0
0.156336853807671 78.506 83.639 0 0 0 0
0.156545302946081 79.981 87.757 0 0 0 0
0.156753752084491 81.457 91.876 0 0 0 0
0.156962201222902 82.933 96.385 0 0 0 0
0.157170650361312 84.117 101.33 0 0 0 0
0.157379099499722 85.297 106.58 0 0 0 0
0.157587548638132 86.478 112.75 0 0 0 0
0.157795997776543 87.403 118.36 0 0 0 0
0.158004446914953 88.288 123.3 0 0 0 0
0.158212896053363 89.174 128.35 0 0 0 0
0.158421345191773 89.657 133.75 0 0 0 0
0.158629794330183 90.001 139.16 0 0 0 0
0.158838243468594 90.323 144.56 0 0 0 0
0.159046692607004 90.323 151.18 0 0 0 0
0.159255141745414 90.323 157.78 0 0 0 0
0.159463590883824 90.323 163.19 0 0 0 0
0.159672040022235 90.323 168.59 0 0 0 0
0.159880489160645 90.323 174 0 0 0 0
0.160088938299055 90.253 180 0 0 0 0
0.160297387437465 89.995 186.18 0 0 0 0
0.160505836575875 89.737 193.12 0 0 0 0
0.160714285714286 89.479 199.91 0 0 0 0
0.160922734852696 89.195 206.09 0 0 0 0
0.161131183991106 88.899 212.92 0 0 0 0
0.161339633129516 88.604 220.64 0 0 0 0
0.161548082267927 88.182 227.37 0 0 0 0
0.161756531406337 87.665 233.55 0 0 0 0
0.161964980544747 87.149 240.05 0 0 0 0
0.162173429683157 86.628 247 0 0 0 0
0.162381878821568 85.595 253.46 0 0 0 0
0.162590327959978 84.562 259.63 0 0 0 0
0.162798777098388 83.461 266.12 0 0 0 0
0.163007226236798 82.221 273.07 0 0 0 0
0.163215675375208 81.002 279.16 0 0 0 0
0.163424124513619 79.969 284.72 0 0 0 0
0.163632573652029 78.936 290.83 0 0 0 0
0.163841022790439 77.66 297.78 0 0 0 0
0.164049471928849 76.053 304.25 0 0 0 0
0.16425792106726 74.446 310.43 0 0 0 0
0.16446637020567 72.839 315.92 0 0 0 0
0.16467481934408 71.214 320.34 0 0 0 0
0.16488326848249 69.561 324.75 0 0 0 0
0.1650917176209 67.834 329.36 0 0 0 0
0.165300166759311 65.768 334.51 0 0 0 0
0.165508615897721 63.702 339.65 0 0 0 0
0.165717065036131 61.636 345.41 0 0 0 0
0.165925514174541 59.57 351.59 0 0 0 0
0.166133963312952 57.504 357.32 0 0 0 0
0.166342412451362 55.438 362.26 0 0 0 0
0.166550861589772 53.171 367.06 0 0 0 0
0.166759310728182 50.691 371.04 0 0 0 0
0.166967759866593 48.212 375.01 0 0 0 0
0.167176209005003 45.733 378.99 0 0 0 0
0.167384658143413 43.253 383.62 0 0 0 0
0.167593107281823 40.774 388.26 0 0 0 0
0.167801556420233 38.295 392.71 0 0 0 0
0.168010005558644 35.323 396.83 0 0 0 0
0.168218454697054 32.224 400.95 0 0 0 0
0.168426903835464 29.124 404.37 0 0 0 0
0.168635352973874 26.025 407.46 0 0 0 0
0.168843802112285 22.926 410.55 0 0 0 0
0.169052251250695 20.101 414.15 0 0 0 0
0.169260700389105 17.622 417.76 0 0 0 0
0.169469149527515 15.012 421.05 0 0 0 0
0.169677598665926 11.912 423.7 0 0 0 0
0.169886047804336 8.593 426.34 0 0 0 0
0.170094496942746 4.977 428.84 0 0 0 0
0.170302946081156 1.361 430.77 0 0 0 0
0.170511395219566 -2.254 432.7 0 0 0 0
0.170719844357977 -6.905 434.63 0 0 0 0
0.170928293496387 -10.829 436.32 0 0 0 0
0.171136742634797 -13.929 437.86 0 0 0 0
0.171345191773207 -17.281 439.4 0 0 0 0
0.171553640911618 -20.588 440.89 0 0 0 0
0.171762090050028 -23.687 441.66 0 0 0 0
0.171970539188438 -26.997 442.43 0 0 0 0
0.172178988326848 -30.346 443.2 0 0 0 0
0.172387437465258 -33.445 443.58 0 0 0 0
0.172595886603669 -36.544 443.58 0 0 0 0
0.172804335742079 -39.643 443.58 0 0 0 0
0.173012784880489 -43.472 443.58 0 0 0 0
0.173221234018899 -47.224 443.42 0 0 0 0
0.17342968315731 -50.323 443.11 0 0 0 0
0.17363813229572 -53.422 442.8 0 0 0 0
0.17384658143413 -56.521 442.5 0 0 0 0
0.17405503057254 -59.207 442.17 0 0 0 0
0.174263479710951 -61.79 441.55 0 0 0 0
0.174471928849361 -64.372 440.94 0 0 0 0
0.174680377987771 -66.836 440.32 0 0 0 0
0.174888827126181 -68.902 439.7 0 0 0 0
0.175097276264591 -71.275 438.53 0 0 0 0
0.175305725403002 -73.955 436.99 0 0 0 0
0.175514174541412 -76.022 435.44 0 0 0 0
0.175722623679822 -77.954 433.91 0 0 0 0
0.175931072818232 -79.607 432.75 0 0 0 0
0.176139521956643 -81.25 431.59 0 0 0 0
0.176347971095053 -82.8 430.44 0 0 0 0
0.176556420233463 -84.381 429.02 0 0 0 0
0.176764869371873 -86.034 427.3 0 0 0 0
0.176973318510284 -87.611 425.59 0 0 0 0
0.177181767648694 -88.3 423.87 0 0 0 0
0.177390216787104 -88.989 422.06 0 0 0 0
0.177598665925514 -89.519 420.13 0 0 0 0
0.177807115063924 -89.815 418.2 0 0 0 0
0.178015564202335 -90.11 416.27 0 0 0 0
0.178224013340745 -90.323 414.34 0 0 0 0
0.178432462479155 -90.323 412.4 0 0 0 0
0.178640911617565 -90.323 410.47 0 0 0 0
0.178849360755976 -90.323 408.45 0 0 0 0
0.179057809894386 -90.323 406.25 0 0 0 0
0.179266259032796 -90.323 404.04 0 0 0 0
0.179474708171206 -90.313 401.89 0 0 0 0
0.179683157309616 -90.018 399.96 0 0 0 0
0.179891606448027 -89.722 398.03 0 0 0 0
0.180100055586437 -89.427 396.1 0 0 0 0
0.180308504724847 -88.774 394.17 0 0 0 0
0.180516953863257 -88.085 392.24 0 0 0 0
0.180725403001668 -87.396 390.31 0 0 0 0
0.180933852140078 -86.708 388.38 0 0 0 0
0.181142301278488 -86.019 386.45 0 0 0 0
0.181350750416898 -85.33 384.52 0 0 0 0
0.181559199555308 -84.642 382.59 0 0 0 0
0.181767648693719 -83.953 380.06 0 0 0 0
0.181976097832129 -83.568 376.97 0 0 0 0
0.182184546970539 -83.223 373.88 0 0 0 0
0.182392996108949 -82.78 370.97 0 0 0 0
0.18260144524736 -81.954 368.32 0 0 0 0
0.18280989438577 -81.127 365.68 0 0 0 0
0.18301834352418 -80.771 362.91 0 0 0 0
0.18322679266259 -80.426 359.82 0 0 0 0
0.183435241801001 -80.061 356.73 0 0 0 0
0.183643690939411 -79.648 353.64 0 0 0 0
0.183852140077821 -79.243 350.55 0 0 0 0
0.184060589216231 -78.948 347.46 0 0 0 0
0.184269038354641 -78.653 344.12 0 0 0 0
0.184477487493052 -78.357 340.52 0 0 0 0
0.184685936631462 -78.016 336.92 0 0 0 0
0.184894385769872 -77.672 333.73 0 0 0 0
0.185102834908282 -77.419 330.64 0 0 0 0
0.185311284046693 -77.419 327.34 0 0 0 0
0.185519733185103 -77.419 322.71 0 0 0 0
0.185728182323513 -77.419 318.07 0 0 0 0
0.185936631461923 -77.419 313.44 0 0 0 0
0.186145080600334 -77.419 308.81 0 0 0 0
0.186353529738744 -77.419 304.17 0 0 0 0
0.186561978877154 -77.419 298.81 0 0 0 0
0.186770428015564 -77.419 293.25 0 0 0 0
0.186978877153974 -77.3 288.39 0 0 0 0
0.187187326292385 -76.956 284.06 0 0 0 0
0.187395775430795 -76.612 279.74 0 0 0 0
0.187604224569205 -76.267 275.41 0 0 0 0
0.187812673707615 -75.923 271.02 0 0 0 0
0.188021122846026 -75.579 266.08 0 0 0 0
0.188229571984436 -75.576 261.14 0 0 0 0
0.188438021122846 -75.576 255.65 0 0 0 0
0.188646470261256 -75.483 250.09 0 0 0 0
0.188854919399666 -75.188 243.73 0 0 0 0
0.189063368538077 -74.892 236.93 0 0 0 0
0.189271817676487 -74.575 230.4 0 0 0 0
0.189480266814897 -74.161 224.22 0 0 0 0
0.189688715953307 -73.748 218.17 0 0 0 0
0.189897165091718 -73.335 212.61 0 0 0 0
0.190105614230128 -72.922 207.05 0 0 0 0
0.190314063368538 -72.307 201.49 0 0 0 0
0.190522512506948 -71.618 195.93 0 0 0 0
0.190730961645359 -70.929 189.34 0 0 0 0
0.190939410783769 -70.241 182.39 0 0 0 0
0.191147859922179 -69.552 176.92 0 0 0 0
0.191356309060589 -68.994 171.49 0 0 0 0
0.191564758198999 -68.65 165.93 0 0 0 0
0.19177320733741 -68.305 160.37 0 0 0 0
0.19198165647582 -67.622 155.39 0 0 0 0
0.19219010561423 -66.796 150.45 0 0 0 0
0.19239855475264 -65.969 146.11 0 0 0 0
0.192607003891051 -65.143 141.99 0 0 0 0
0.192815453029461 -64.35 137.83 0 0 0 0
0.193023902167871 -63.661 132.89 0 0 0 0
0.193232351306281 -62.972 127.95 0 0 0 0
0.193440800444692 -62.089 123.51 0 0 0 0
0.193649249583102 -61.056 119.19 0 0 0 0
0.193857698721512 -60.023 114.86 0 0 0 0
0.194066147859922 -59.296 110.54 0 0 0 0
0.194274596998332 -58.607 106.67 0 0 0 0
0.194483046136743 -57.992 103.58 0 0 0 0
0.194691495275153 -57.647 100.49 0 0 0 0
0.194899944413563 -57.303 96.687 0 0 0 0
0.195108393551973 -56.7 92.569 0 0 0 0
0.195316842690384 -55.874 88.471 0 0 0 0
0.195525291828794 -55.3 85.382 0 0 0 0
0.195733740967204 -55.3 82.294 0 0 0 0
0.195942190105614 -55.3 79.383 0 0 0 0
0.196150639244024 -55.083 76.809 0 0 0 0
0.196359088382435 -54.739 74.235 0 0 0 0
0.196567537520845 -54.395 71.315 0 0 0 0
0.196775986659255 -53.591 68.226 0 0 0 0
0.196984435797665 -52.765 65.138 0 0 0 0
0.197192884936076 -52.535 63.078 0 0 0 0
0.197401334074486 -52.535 61.019 0 0 0 0
0.197609783212896 -52.535 58.96 0 0 0 0
0.197818232351306 -52.535 56.901 0 0 0 0
0.198026681489716 -52.535 54.842 0 0 0 0
0.198235130628127 -52.535 53.119 0 0 0 0
0.198443579766537 -52.535 51.575 0 0 0 0
0.198652028904947 -52.535 50.031 0 0 0 0
0.198860478043357 -52.356 48.486 0 0 0 0
0.199068927181768 -52.098 46.942 0 0 0 0
0.199277376320178 -51.839 45.556 0 0 0 0
0.199485825458588 -51.613 44.526 0 0 0 0
0.199694274596998 -51.613 43.496 0 0 0 0
0.199902723735409 -51.613 42.336 0 0 0 0
0.200111172873819 -51.613 41.101 0 0 0 0
0.200319622012229 -51.613 39.949 0 0 0 0
0.200528071150639 -51.613 38.919 0 0 0 0
0.200736520289049 -51.613 37.89 0 0 0 0
0.20094496942746 -51.613 36.968 0 0 0 0
0.20115341856587 -51.613 36.086 0 0 0 0
0.20136186770428 -51.613 35.203 0 0 0 0
0.20157031684269 -51.613 34.546 0 0 0 0
0.201778765981101 -51.613 34.032 0 0 0 0
0.201987215119511 -51.613 33.517 0 0 0 0
0.202195664257921 -51.613 33.002 0 0 0 0
0.202404113396331 -51.512 32.487 0 0 0 0
0.202612562534742 -51.167 31.972 0 0 0 0
0.202821011673152 -50.823 31.458 0 0 0 0
0.203029460811562 -50.479 30.943 0 0 0 0
0.203237909949972 -50.134 30.472 0 0 0 0
0.203446359088382 -49.79 30.031 0 0 0 0
0.203654808226793 -49.77 29.589 0 0 0 0
0.203863257365203 -49.77 29.358 0 0 0 0
0.204071706503613 -49.77 29.358 0 0 0 0
0.204280155642023 -49.558 29.358 0 0 0 0
0.204488604780434 -49.3 29.358 0 0 0 0
0.204697053918844 -49.042 29.358 0 0 0 0
0.204905503057254 -48.701 29.358 0 0 0 0
0.205113952195664 -48.111 29.358 0 0 0 0
0.205322401334074 -47.52 29.358 0 0 0 0
0.205530850472485 -46.967 29.358 0 0 0 0
0.205739299610895 -46.672 29.358 0 0 0 0
0.205947748749305 -46.377 29.358 0 0 0 0
0.206156197887715 -46.08 29.358 0 0 0 0
0.206364647026126 -45.392 29.358 0 0 0 0
0.206573096164536 -44.703 29.358 0 0 0 0
0.206781545302946 -44.014 29.358 0 0 0 0
0.206989994441356 -43.326 29.358 0 0 0 0
0.207198443579767 -42.637 29.358 0 0 0 0
0.207406892718177 -42.012 29.358 0 0 0 0
0.207615341856587 -41.422 29.358 0 0 0 0
0.207823790994997 -40.832 29.358 0 0 0 0
0.208032240133407 -40.086 29.358 0 0 0 0
0.208240689271818 -39.2 29.358 0 0 0 0
0.208449138410228 -38.315 29.358 0 0 0 0
0.208657587548638 -37.549 29.358 0 0 0 0
0.208866036687048 -36.959 29.358 0 0 0 0
0.209074485825459 -36.368 29.358 0 0 0 0
0.209282934963869 -35.695 29.358 0 0 0 0
0.209491384102279 -34.809 29.358 0 0 0 0
0.209699833240689 -33.924 29.358 0 0 0 0
0.2099082823791 -33.085 29.358 0 0 0 0
0.21011673151751 -32.495 29.358 0 0 0 0
0.21032518065592 -31.905 29.358 0 0 0 0
0.21053362979433 -31.303 29.358 0 0 0 0
0.21074207893274 -30.418 29.358 0 0 0 0
0.210950528071151 -29.533 29.358 0 0 0 0
0.211158977209561 -28.647 29.079 0 0 0 0
0.211367426347971 -28.032 28.693 0 0 0 0
0.211575875486381 -27.441 28.307 0 0 0 0
0.211784324624792 -26.851 27.912 0 0 0 0
0.211992773763202 -26.074 27.471 0 0 0 0
0.212201222901612 -25.247 27.029 0 0 0 0
0.212409672040022 -24.498 26.606 0 0 0 0
0.212618121178432 -23.81 26.606 0 0 0 0
0.212826570316843 -23.121 26.606 0 0 0 0
0.213035019455253 -22.584 26.606 0 0 0 0
0.213243468593663 -22.068 26.606 0 0 0 0
0.213451917732073 -21.551 26.606 0 0 0 0
0.213660366870484 -21.012 26.478 0 0 0 0
0.213868816008894 -20.421 25.963 0 0 0 0
0.214077265147304 -19.831 25.449 0 0 0 0
0.214285714285714 -19.184 24.934 0 0 0 0
0.214494163424125 -18.298 24.419 0 0 0 0
0.214702612562535 -17.413 23.904 0 0 0 0
0.214911061700945 -16.548 23.058 0 0 0 0
0.215119510839355 -15.958 22.176 0 0 0 0
0.215327959977765 -15.368 21.293 0 0 0 0
0.215536409116176 -14.777 20.756 0 0 0 0
0.215744858254586 -14.502 20.315 0 0 0 0
0.215953307392996 -14.243 19.873 0 0 0 0
0.216161756531406 -13.985 19.139 0 0 0 0
0.216370205669817 -13.601 18.257 0 0 0 0
0.216578654808227 -13.011 17.374 0 0 0 0
0.216787103946637 -12.42 16.492 0 0 0 0
0.216995553085047 -11.83 15.609 0 0 0 0
0.217204002223457 -11.24 14.727 0 0 0 0
0.217412451361868 -10.65 14.032 0 0 0 0
0.217620900500278 -10.092 13.591 0 0 0 0
0.217829349638688 -9.748 13.15 0 0 0 0
0.218037798777098 -9.403 12.709 0 0 0 0
0.218246247915509 -9.082 12.267 0 0 0 0
0.218454697053919 -8.786 11.826 0 0 0 0
0.218663146192329 -8.491 11.385 0 0 0 0
0.218871595330739 -7.999 10.944 0 0 0 0
0.21908004446915 -7.113 10.502 0 0 0 0
0.21928849360756 -6.228 10.056 0 0 0 0
0.21949694274597 -5.421 9.541 0 0 0 0
0.21970539188438 -4.904 9.027 0 0 0 0
0.21991384102279 -4.387 8.512 0 0 0 0
0.220122290161201 -3.871 7.997 0 0 0 0
0.220330739299611 -2.927 7.482 0 0 0 0
0.220539188438021 -1.747 7.021 0 0 0 0
0.220747637576431 -0.566 6.579 0 0 0 0
0.220956086714842 0.614 6.138 0 0 0 0
0.221164535853252 1.795 5.697 0 0 0 0
0.221372984991662 2.976 5.256 0 0 0 0
0.221581434130072 4.235 4.814 0 0 0 0
0.221789883268482 5.612 4.587 0 0 0 0
0.221998332406893 6.989 4.587 0 0 0 0
0.222206781545303 8.225 4.587 0 0 0 0
0.222415230683713 9.405 4.749 0 0 0 0
0.222623679822123 10.586 5.19 0 0 0 0
0.222832128960534 12.09 5.631 0 0 0 0
0.223040578098944 13.812 6.218 0 0 0 0
0.223249027237354 15.534 7.248 0 0 0 0
0.223457476375764 16.938 8.277 0 0 0 0
0.223665925514175 18.315 9.07 0 0 0 0
0.223874374652585 19.988 9.688 0 0 0 0
0.224082823790995 22.571 10.092 0 0 0 0
0.224291272929405 23.804 10.092 0 0 0 0
0.224499722067815 23.46 10.092 0 0 0 0
0.224708171206226 23.116 9.857 0 0 0 0
0.224916620344636 22.393 8.828 0 0 0 0
0.225125069483046 21.045 7.339 0 0 0 0
0.225333518621456 22.766 8.663 0 0 0 0
0.225541967759867 24.488 9.987 0 0 0 0
0.225750416898277 26.475 11.311 0 0 0 0
0.225958866036687 28.541 12.634 0 0 0 0
0.226167315175097 30.607 13.958 0 0 0 0
0.226375764313508 32.673 15.282 0 0 0 0
0.226584213451918 34.739 16.942 0 0 0 0
0.226792662590328 36.508 18.707 0 0 0 0
0.227001111728738 38.23 20.472 0 0 0 0
0.227209560867148 40.015 22.237 0 0 0 0
0.227418010005559 42.081 24.002 0 0 0 0
0.227626459143969 44.147 25.767 0 0 0 0
0.227834908282379 46.214 27.956 0 0 0 0
0.228043357420789 48.28 30.53 0 0 0 0
0.2282518065592 50.346 33.104 0 0 0 0
0.22846025569761 52.412 35.459 0 0 0 0
0.22866870483602 54.478 37.775 0 0 0 0
0.22887715397443 56.544 40.092 0 0 0 0
0.22908560311284 58.61 42.63 0 0 0 0
0.229294052251251 60.676 45.719 0 0 0 0
0.229502501389661 62.742 48.807 0 0 0 0
0.229710950528071 64.808 52.212 0 0 0 0
0.229919399666481 66.874 55.815 0 0 0 0
0.230127848804892 68.703 59.419 0 0 0 0
0.230336297943302 70.474 62.953 0 0 0 0
0.230544747081712 72.245 66.483 0 0 0 0
0.230753196220122 73.865 70.013 0 0 0 0
0.230961645358533 75.415 74.45 0 0 0 0
0.231170094496943 76.964 79.083 0 0 0 0
0.231378543635353 78.506 83.639 0 0 0 0
0.231586992773763 79.981 87.757 0 0 0 0
0.231795441912173 81.457 91.876 0 0 0 0
0.232003891050584 82.933 96.385 0 0 0 0
0.232212340188994 84.117 101.33 0 0 0 0
0.232420789327404 85.297 106.58 0 0 0 0
0.232629238465814 86.478 112.75 0 0 0 0
0.232837687604225 87.403 118.36 0 0 0 0
0.233046136742635 88.288 123.3 0 0 0 0
0.233254585881045 89.174 128.35 0 0 0 0
0.233463035019455 89.657 133.75 0 0 0 0
0.233671484157865 90.001 139.16 0 0 0 0
0.233879933296276 90.323 144.56 0 0 0 0
0.234088382434686 90.323 151.18 0 0 0 0
0.234296831573096 90.323 157.78 0 0 0 0
0.234505280711506 90.323 163.19 0 0 0 0
0.234713729849917 90.323 168.59 0 0 0 0
0.234922178988327 90.323 174 0 0 0 0
0.235130628126737 90.253 180 0 0 0 0
0.235339077265147 89.995 186.18 0 0 0 0
0.235547526403558 89.737 193.12 0 0 0 0
0.235755975541968 89.479 199.91 0 0 0 0
0.235964424680378 89.195 206.09 0 0 0 0
0.236172873818788 88.899 212.92 0 0 0 0
0.236381322957198 88.604 220.64 0 0 0 0
0.236589772095609 88.182 227.37 0 0 0 0
0.236798221234019 87.665 233.55 0 0 0 0
0.237006670372429 87.149 240.05 0 0 0 0
0.237215119510839 86.628 247 0 0 0 0
0.23742356864925 85.595 253.46 0 0 0 0
0.23763201778766 84.562 259.63 0 0 0 0
0.23784046692607 83.461 266.12 0 0 0 0
0.23804891606448 82.221 273.07 0 0 0 0
0.23825736520289 81.002 279.16 0 0 0 0
0.238465814341301 79.969 284.72 0 0 0 0
0.238674263479711 78.936 290.83 0 0 0 0
0.238882712618121 77.66 297.78 0 0 0 0
0.239091161756531 76.053 304.25 0 0 0 0
0.239299610894942 74.446 310.43 0 0 0 0
0.239508060033352 72.839 315.92 0 0 0 0
0.239716509171762 71.214 320.34 0 0 0 0
0.239924958310172 69.561 324.75 0 0 0 0
0.240133407448583 67.834 329.36 0 0 0 0
0.240341856586993 65.768 334.51 0 0 0 0
0.240550305725403 63.702 339.65 0 0 0 0
0.240758754863813 61.636 345.41 0 0 0 0
0.240967204002223 59.57 351.59 0 0 0 0
0.241175653140634 57.504 357.32 0 0 0 0
0.241384102279044 55.438 362.26 0 0 0 0
0.241592551417454 53.171 367.06 0 0 0 0
0.241801000555864 50.691 371.04 0 0 0 0
0.242009449694275 48.212 375.01 0 0 0 0
0.242217898832685 45.733 378.99 0 0 0 0
0.242426347971095 43.253 383.62 0 0 0 0
0.242634797109505 40.774 388.26 0 0 0 0
0.242843246247916 38.295 392.71 0 0 0 0
0.243051695386326 35.323 396.83 0 0 0 0
0.243260144524736 32.224 400.95 0 0 0 0
0.243468593663146 29.124 404.37 0 0 0 0
0.243677042801556 26.025 407.46 0 0 0 0
0.243885491939967 22.926 410.55 0 0 0 0
0.244093941078377 20.101 414.15 0 0 0 0
0.244302390216787 17.622 417.76 0 0 0 0
0.244510839355197 15.012 421.05 0 0 0 0
0.244719288493608 11.912 423.7 0 0 0 0
0.244927737632018 8.593 426.34 0 0 0 0
0.245136186770428 4.977 428.84 0 0 0 0
0.245344635908838 1.361 430.77 0 0 0 0
0.245553085047248 -2.254 432.7 0 0 0 0
0.245761534185659 -6.905 434.63 0 0 0 0
0.245969983324069 -10.829 436.32 0 0 0 0
0.246178432462479 -13.929 437.86 0 0 0 0
0.246386881600889 -17.281 439.4 0 0 0 0
0.2465953307393 -20.588 440.89 0 0 0 0
0.24680377987771 -23.687 441.66 0 0 0 0
0.24701222901612 -26.997 442.43 0 0 0 0
0.24722067815453 -30.346 443.2 0 0 0 0
0.247429127292941 -33.445 443.58 0 0 0 0
0.247637576431351 -36.544 443.58 0 0 0 0
0.247846025569761 -39.643 443.58 0 0 0 0
0.248054474708171 -43.472 443.58 0 0 0 0
0.248262923846581 -47.224 443.42 0 0 0 0
0.248471372984992 -50.323 443.11 0 0 0 0
0.248679822123402 -53.422 442.8 0 0 0 0
0.248888271261812 -56.521 442.5 0 0 0 0
0.249096720400222 -59.207 442.17 0 0 0 0
0.249305169538633 -61.79 441.55 0 0 0 0
0.249513618677043 -64.372 440.94 0 0 0 0
0.249722067815453 -66.836 440.32 0 0 0 0
0.249930516953863 -68.902 439.7 0 0 0 0
0.250138966092273 -71.275 438.53 0 0 0 0
0.250347415230684 -73.955 436.99 0 0 0 0
0.250555864369094 -76.022 435.44 0 0 0 0
0.250764313507504 -77.954 433.91 0 0 0 0
0.250972762645914 -79.607 432.75 0 0 0 0
0.251181211784325 -81.25 431.59 0 0 0 0
0.251389660922735 -82.8 430.44 0 0 0 0
0.251598110061145 -84.381 429.02 0 0 0 0
0.251806559199555 -86.034 427.3 0 0 0 0
0.252015008337966 -87.611 425.59 0 0 0 0
0.252223457476376 -88.3 423.87 0 0 0 0
0.252431906614786 -88.989 422.06 0 0 0 0
0.252640355753196 -89.519 420.13 0 0 0 0
0.252848804891606 -89.815 418.2 0 0 0 0
0.253057254030017 -90.11 416.27 0 0 0 0
0.253265703168427 -90.323 414.34 0 0 0 0
0.253474152306837 -90.323 412.4 0 0 0 0
0.253682601445247 -90.323 410.47 0 0 0 0
0.253891050583658 -90.323 408.45 0 0 0 0
0.254099499722068 -90.323 406.25 0 0 0 0
0.254307948860478 -90.323 404.04 0 0 0 0
0.254516397998888 -90.313 401.89 0 0 0 0
0.254724847137298 -90.018 399.96 0 0 0 0
0.254933296275709 -89.722 398.03 0 0 0 0
0.255141745414119 -89.427 396.1 0 0 0 0
0.255350194552529 -88.774 394.17 0 0 0 0
0.255558643690939 -88.085 392.24 0 0 0 0
0.25576709282935 -87.396 390.31 0 0 0 0
0.25597554196776 -86.708 388.38 0 0 0 0
0.25618399110617 -86.019 386.45 0 0 0 0
0.25639244024458 -85.33 384.52 0 0 0 0
0.256600889382991 -84.642 382.59 0 0 0 0
0.256809338521401 -83.953 380.06 0 0 0 0
0.257017787659811 -83.568 376.97 0 0 0 0
0.257226236798221 -83.223 373.88 0 0 0 0
0.257434685936631 -82.78 370.97 0 0 0 0
0.257643135075042 -81.954 368.32 0 0 0 0
0.257851584213452 -81.127 365.68 0 0 0 0
0.258060033351862 -80.771 362.91 0 0 0 0
0.258268482490272 -80.426 359.82 0 0 0 0
0.258476931628683 -80.061 356.73 0 0 0 0
0.258685380767093 -79.648 353.64 0 0 0 0
0.258893829905503 -79.243 350.55 0 0 0 0
0.259102279043913 -78.948 347.46 0 0 0 0
0.259310728182324 -78.653 344.12 0 0 0 0
0.259519177320734 -78.357 340.52 0 0 0 0
0.259727626459144 -78.016 336.92 0 0 0 0
0.259936075597554 -77.672 333.73 0 0 0 0
0.260144524735964 -77.419 330.64 0 0 0 0
0.260352973874375 -77.419 327.34 0 0 0 0
0.260561423012785 -77.419 322.71 0 0 0 0
0.260769872151195 -77.419 318.07 0 0 0 0
0.260978321289605 -77.419 313.44 0 0 0 0
0.261186770428016 -77.419 308.81 0 0 0 0
0.261395219566426 -77.419 304.17 0 0 0 0
0.261603668704836 -77.419 298.81 0 0 0 0
0.261812117843246 -77.419 293.25 0 0 0 0
0.262020566981656 -77.3 288.39 0 0 0 0
0.262229016120067 -76.956 284.06 0 0 0 0
0.262437465258477 -76.612 279.74 0 0 0 0
0.262645914396887 -76.267 275.41 0 0 0 0
0.262854363535297 -75.923 271.02 0 0 0 0
0.263062812673708 -75.579 266.08 0 0 0 0
0.263271261812118 -75.576 261.14 0 0 0 0
0.263479710950528 -75.576 255.65 0 0 0 0
0.263688160088938 -75.483 250.09 0 0 0 0
0.263896609227349 -75.188 243.73 0 0 0 0
0.264105058365759 -74.892 236.93 0 0 0 0
0.264313507504169 -74.575 230.4 0 0 0 0
0.264521956642579 -74.161 224.22 0 0 0 0
0.264730405780989 -73.748 218.17 0 0 0 0
0.2649388549194 -73.335 212.61 0 0 0 0
0.26514730405781 -72.922 207.05 0 0 0 0
0.26535575319622 -72.307 201.49 0 0 0 0
0.26556420233463 -71.618 195.93 0 0 0 0
0.265772651473041 -70.929 189.34 0 0 0 0
0.265981100611451 -70.241 182.39 0 0 0 0
0.266189549749861 -69.552 176.92 0 0 0 0
0.266397998888271 -68.994 171.49 0 0 0 0
0.266606448026681 -68.65 165.93 0 0 0 0
0.266814897165092 -68.305 160.37 0 0 0 0
0.267023346303502 -67.622 155.39 0 0 0 0
0.267231795441912 -66.796 150.45 0 0 0 0
0.267440244580322 -65.969 146.11 0 0 0 0
0.267648693718733 -65.143 141.99 0 0 0 0
0.267857142857143 -64.35 137.83 0 0 0 0
0.268065591995553 -63.661 132.89 0 0 0 0
0.268274041133963 -62.972 127.95 0 0 0 0
0.268482490272374 -62.089 123.51 0 0 0 0
0.268690939410784 -61.056 119.19 0 0 0 0
0.268899388549194 -60.023 114.86 0 0 0 0
0.269107837687604 -59.296 110.54 0 0 0 0
0.269316286826014 -58.607 106.67 0 0 0 0
0.269524735964425 -57.992 103.58 0 0 0 0
0.269733185102835 -57.647 100.49 0 0 0 0
0.269941634241245 -57.303 96.687 0 0 0 0
0.270150083379655 -56.7 92.569 0 0 0 0
0.270358532518066 -55.874 88.471 0 0 0 0
0.270566981656476 -55.3 85.382 0 0 0 0
0.270775430794886 -55.3 82.294 0 0 0 0
0.270983879933296 -55.3 79.383 0 0 0 0
0.271192329071706 -55.083 76.809 0 0 0 0
0.271400778210117 -54.739 74.235 0 0 0 0
0.271609227348527 -54.395 71.315 0 0 0 0
0.271817676486937 -53.591 68.226 0 0 0 0
0.272026125625347 -52.765 65.138 0 0 0 0
0.272234574763758 -52.535 63.078 0 0 0 0
0.272443023902168 -52.535 61.019 0 0 0 0
0.272651473040578 -52.535 58.96 0 0 0 0
0.272859922178988 -52.535 56.901 0 0 0 0
0.273068371317399 -52.535 54.842 0 0 0 0
0.273276820455809 -52.535 53.119 0 0 0 0
0.273485269594219 -52.535 51.575 0 0 0 0
0.273693718732629 -52.535 50.031 0 0 0 0
0.273902167871039 -52.356 48.486 0 0 0 0
0.27411061700945 -52.098 46.942 0 0 0 0
0.27431906614786 -51.839 45.556 0 0 0 0
0.27452751528627 -51.613 44.526 0 0 0 0
0.27473596442468 -51.613 43.496 0 0 0 0
0.274944413563091 -51.613 42.336 0 0 0 0
0.275152862701501 -51.613 41.101 0 0 0 0
0.275361311839911 -51.613 39.949 0 0 0 0
0.275569760978321 -51.613 38.919 0 0 0 0
0.275778210116732 -51.613 37.89 0 0 0 0
0.275986659255142 -51.613 36.968 0 0 0 0
0.276195108393552 -51.613 36.086 0 0 0 0
0.276403557531962 -51.613 35.203 0 0 0 0
0.276612006670372 -51.613 34.546 0 0 0 0
0.276820455808783 -51.613 34.032 0 0 0 0
0.277028904947193 -51.613 33.517 0 0 0 0
0.277237354085603 -51.613 33.002 0 0 0 0
0.277445803224013 -51.512 32.487 0 0 0 0
0.277654252362424 -51.167 31.972 0 0 0 0
0.277862701500834 -50.823 31.458 0 0 0 0
0.278071150639244 -50.479 30.943 0 0 0 0
0.278279599777654 -50.134 30.472 0 0 0 0
0.278488048916064 -49.79 30.031 0 0 0 0
0.278696498054475 -49.77 29.589 0 0 0 0
0.278904947192885 -49.77 29.358 0 0 0 0
0.279113396331295 -49.77 29.358 0 0 0 0
0.279321845469705 -49.558 29.358 0 0 0 0
0.279530294608116 -49.3 29.358 0 0 0 0
0.279738743746526 -49.042 29.358 0 0 0 0
0.279947192884936 -48.701 29.358 0 0 0 0
0.280155642023346 -48.111 29.358 0 0 0 0
0.280364091161757 -47.52 29.358 0 0 0 0
0.280572540300167 -46.967 29.358 0 0 0 0
0.280780989438577 -46.672 29.358 0 0 0 0
0.280989438576987 -46.377 29.358 0 0 0 0
0.281197887715397 -46.08 29.358 0 0 0 0
0.281406336853808 -45.392 29.358 0 0 0 0
0.281614785992218 -44.703 29.358 0 0 0 0
0.281823235130628 -44.014 29.358 0 0 0 0
0.282031684269038 -43.326 29.358 0 0 0 0
0.282240133407449 -42.637 29.358 0 0 0 0
0.282448582545859 -42.012 29.358 0 0 0 0
0.282657031684269 -41.422 29.358 0 0 0 0
0.282865480822679 -40.832 29.358 0 0 0 0
0.283073929961089 -40.086 29.358 0 0 0 0
0.2832823790995 -39.2 29.358 0 0 0 0
0.28349082823791 -38.315 29.358 0 0 0 0
0.28369927737632 -37.549 29.358 0 0 0 0
0.28390772651473 -36.959 29.358 0 0 0 0
0.284116175653141 -36.368 29.358 0 0 0 0
0.284324624791551 -35.695 29.358 0 0 0 0
0.284533073929961 -34.809 29.358 0 0 0 0
0.284741523068371 -33.924 29.358 0 0 0 0
0.284949972206782 -33.085 29.358 0 0 0 0
0.285158421345192 -32.495 29.358 0 0 0 0
0.285366870483602 -31.905 29.358 0 0 0 0
0.285575319622012 -31.303 29.358 0 0 0 0
0.285783768760422 -30.418 29.358 0 0 0 0
0.285992217898833 -29.533 29.358 0 0 0 0
0.286200667037243 -28.647 29.079 0 0 0 0
0.286409116175653 -28.032 28.693 0 0 0 0
0.286617565314063 -27.441 28.307 0 0 0 0
0.286826014452474 -26.851 27.912 0 0 0 0
0.287034463590884 -26.074 27.471 0 0 0 0
0.287242912729294 -25.247 27.029 0 0 0 0
0.287451361867704 -24.498 26.606 0 0 0 0
0.287659811006114 -23.81 26.606 0 0 0 0
0.287868260144525 -23.121 26.606 0 0 0 0
0.288076709282935 -22.584 26.606 0 0 0 0
0.288285158421345 -22.068 26.606 0 0 0 0
0.288493607559755 -21.551 26.606 0 0 0 0
0.288702056698166 -21.012 26.478 0 0 0 0
0.288910505836576 -20.421 25.963 0 0 0 0
0.289118954974986 -19.831 25.449 0 0 0 0
0.289327404113396 -19.184 24.934 0 0 0 0
0.289535853251807 -18.298 24.419 0 0 0 0
0.289744302390217 -17.413 23.904 0 0 0 0
0.289952751528627 -16.548 23.058 0 0 0 0
0.290161200667037 -15.958 22.176 0 0 0 0
0.290369649805447 -15.368 21.293 0 0 0 0
0.290578098943858 -14.777 20.756 0 0 0 0
0.290786548082268 -14.502 20.315 0 0 0 0
0.290994997220678 -14.243 19.873 0 0 0 0
0.291203446359088 -13.985 19.139 0 0 0 0
0.291411895497499 -13.601 18.257 0 0 0 0
0.291620344635909 -13.011 17.374 0 0 0 0
0.291828793774319 -12.42 16.492 0 0 0 0
0.292037242912729 -11.83 15.609 0 0 0 0
0.29224569205114 -11.24 14.727 0 0 0 0
0.29245414118955 -10.65 14.032 0 0 0 0
0.29266259032796 -10.092 13.591 0 0 0 0
0.29287103946637 -9.748 13.15 0 0 0 0
0.29307948860478 -9.403 12.709 0 0 0 0
0.293287937743191 -9.082 12.267 0 0 0 0
0.293496386881601 -8.786 11.826 0 0 0 0
0.293704836020011 -8.491 11.385 0 0 0 0
0.293913285158421 -7.999 10.944 0 0 0 0
0.294121734296832 -7.113 10.502 0 0 0 0
0.294330183435242 -6.228 10.056 0 0 0 0
0.294538632573652 -5.421 9.541 0 0 0 0
0.294747081712062 -4.904 9.027 0 0 0 0
0.294955530850472 -4.387 8.512 0 0 0 0
0.295163979988883 -3.871 7.997 0 0 0 0
0.295372429127293 -2.927 7.482 0 0 0 0
0.295580878265703 -1.747 7.021 0 0 0 0
0.295789327404113 -0.566 6.579 0 0 0 0
0.295997776542524 0.614 6.138 0 0 0 0
0.296206225680934 1.795 5.697 0 0 0 0
0.296414674819344 2.976 5.256 0 0 0 0
0.296623123957754 4.235 4.814 0 0 0 0
0.296831573096165 5.612 4.587 0 0 0 0
0.297040022234575 6.989 4.587 0 0 0 0
0.297248471372985 8.225 4.587 0 0 0 0
0.297456920511395 9.405 4.749 0 0 0 0
0.297665369649805 10.586 5.19 0 0 0 0
0.297873818788216 12.09 5.631 0 0 0 0
0.298082267926626 13.812 6.218 0 0 0 0
0.298290717065036 15.534 7.248 0 0 0 0
0.298499166203446 16.938 8.277 0 0 0 0
0.298707615341857 18.315 9.07 0 0 0 0
0.298916064480267 19.988 9.688 0 0 0 0
0.299124513618677 22.571 10.092 0 0 0 0
0.299332962757087 23.804 10.092 0 0 0 0
0.299541411895497 23.46 10.092 0 0 0 0
0.299749861033908 23.116 9.857 0 0 0 0
0.299958310172318 22.393 8.828 0 0 0 0
0.300166759310728 21.045 7.339 0 0 0 0
0.300375208449138 22.766 8.663 0 0 0 0
0.300583657587549 24.488 9.987 0 0 0 0
0.300792106725959 26.475 11.311 0 0 0 0
0.301000555864369 28.541 12.634 0 0 0 0
0.301209005002779 30.607 13.958 0 0 0 0
0.30141745414119 32.673 15.282 0 0 0 0
0.3016259032796 34.739 16.942 0 0 0 0
0.30183435241801 36.508 18.707 0 0 0 0
0.30204280155642 38.23 20.472 0 0 0 0
0.30225125069483 40.015 22.237 0 0 0 0
0.302459699833241 42.081 24.002 0 0 0 0
0.302668148971651 44.147 25.767 0 0 0 0
0.302876598110061 46.214 27.956 0 0 0 0
0.303085047248471 48.28 30.53 0 0 0 0
0.303293496386882 50.346 33.104 0 0 0 0
0.303501945525292 52.412 35.459 0 0 0 0
0.303710394663702 54.478 37.775 0 0 0 0
0.303918843802112 56.544 40.092 0 0 0 0
0.304127292940522 58.61 42.63 0 0 0 0
0.304335742078933 60.676 45.719 0 0 0 0
0.304544191217343 62.742 48.807 0 0 0 0
0.304752640355753 64.808 52.212 0 0 0 0
0.304961089494163 66.874 55.815 0 0 0 0
0.305169538632574 68.703 59.419 0 0 0 0
0.305377987770984 70.474 62.953 0 0 0 0
0.305586436909394 72.245 66.483 0 0 0 0
0.305794886047804 73.865 70.013 0 0 0 0
0.306003335186215 75.415 74.45 0 0 0 0
0.306211784324625 76.964 79.083 0 0 0 0
0.306420233463035 78.506 83.639 0 0 0 0
0.306628682601445 79.981 87.757 0 0 0 0
0.306837131739855 81.457 91.876 0 0 0 0
0.307045580878266 82.933 96.385 0 0 0 0
0.307254030016676 84.117 101.33 0 0 0 0
0.307462479155086 85.297 106.58 0 0 0 0
0.307670928293496 86.478 112.75 0 0 0 0
0.307879377431907 87.403 118.36 0 0 0 0
0.308087826570317 88.288 123.3 0 0 0 0
0.308296275708727 89.174 128.35 0 0 0 0
0.308504724847137 89.657 133.75 0 0 0 0
0.308713173985548 90.001 139.16 0 0 0 0
0.308921623123958 90.323 144.56 0 0 0 0
0.309130072262368 90.323 151.18 0 0 0 0
0.309338521400778 90.323 157.78 0 0 0 0
0.309546970539188 90.323 163.19 0 0 0 0
0.309755419677599 90.323 168.59 0 0 0 0
0.309963868816009 90.323 174 0 0 0 0
0.310172317954419 90.253 180 0 0 0 0
0.310380767092829 89.995 186.18 0 0 0 0
0.31058921623124 89.737 193.12 0 0 0 0
0.31079766536965 89.479 199.91 0 0 0 0
0.31100611450806 89.195 206.09 0 0 0 0
0.31121456364647 88.899 212.92 0 0 0 0
0.31142301278488 88.604 220.64 0 0 0 0
0.311631461923291 88.182 227.37 0 0 0 0
0.311839911061701 87.665 233.55 0 0 0 0
0.312048360200111 87.149 240.05 0 0 0 0
0.312256809338521 86.628 247 0 0 0 0
0.312465258476932 85.595 253.46 0 0 0 0
0.312673707615342 84.562 259.63 0 0 0 0
0.312882156753752 83.461 266.12 0 0 0 0
0.313090605892162 82.221 273.07 0 0 0 0
0.313299055030573 81.002 279.16 0 0 0 0
0.313507504168983 79.969 284.72 0 0 0 0
0.313715953307393 78.936 290.83 0 0 0 0
0.313924402445803 77.66 297.78 0 0 0 0
0.314132851584213 76.053 304.25 0 0 0 0
0.314341300722624 74.446 310.43 0 0 0 0
0.314549749861034 72.839 315.92 0 0 0 0
0.314758198999444 71.214 320.34 0 0 0 0
0.314966648137854 69.561 324.75 0 0 0 0
0.315175097276265 67.834 329.36 0 0 0 0
0.315383546414675 65.768 334.51 0 0 0 0
0.315591995553085 63.702 339.65 0 0 0 0
0.315800444691495 61.636 345.41 0 0 0 0
0.316008893829905 59.57 351.59 0 0 0 0
0.316217342968316 57.504 357.32 0 0 0 0
0.316425792106726 55.438 362.26 0 0 0 0
0.316634241245136 53.171 367.06 0 0 0 0
0.316842690383546 50.691 371.04 0 0 0 0
0.317051139521957 48.212 375.01 0 0 0 0
0.317259588660367 45.733 378.99 0 0 0 0
0.317468037798777 43.253 383.62 0 0 0 0
0.317676486937187 40.774 388.26 0 0 0 0
0.317884936075598 38.295 392.71 0 0 0 0
0.318093385214008 35.323 396.83 0 0 0 0
0.318301834352418 32.224 400.95 0 0 0 0
0.318510283490828 29.124 404.37 0 0 0 0
0.318718732629238 26.025 407.46 0 0 0 0
0.318927181767649 22.926 410.55 0 0 0 0
0.319135630906059 20.101 414.15 0 0 0 0
0.319344080044469 17.622 417.76 0 0 0 0
0.319552529182879 15.012 421.05 0 0 0 0
0.31976097832129 11.912 423.7 0 0 0 0
0.3199694274597 8.593 426.34 0 0 0 0
0.32017787659811 4.977 428.84 0 0 0 0
0.32038632573652 1.361 430.77 0 0 0 0
0.320594774874931 -2.254 432.7 0 0 0 0
0.320803224013341 -6.905 434.63 0 0 0 0
0.321011673151751 -10.829 436.32 0 0 0 0
0.321220122290161 -13.929 437.86 0 0 0 0
0.321428571428571 -17.281 439.4 0 0 0 0
0.321637020566982 -20.588 440.89 0 0 0 0
0.321845469705392 -23.687 441.66 0 0 0 0
0.322053918843802 -26.997 442.43 0 0 0 0
0.322262367982212 -30.346 443.2 0 0 0 0
0.322470817120623 -33.445 443.58 0 0 0 0
0.322679266259033 -36.544 443.58 0 0 0 0
0.322887715397443 -39.643 443.58 0 0 0 0
0.323096164535853 -43.472 443.58 0 0 0 0
0.323304613674263 -47.224 443.42 0 0 0 0
0.323513062812674 -50.323 443.11 0 0 0 0
0.323721511951084 -53.422 442.8 0 0 0 0
0.323929961089494 -56.521 442.5 0 0 0 0
0.324138410227904 -59.207 442.17 0 0 0 0
0.324346859366315 -61.79 441.55 0 0 0 0
0.324555308504725 -64.372 440.94 0 0 0 0
0.324763757643135 -66.836 440.32 0 0 0 0
0.324972206781545 -68.902 439.7 0 0 0 0
0.325180655919956 -71.275 438.53 0 0 0 0
0.325389105058366 -73.955 436.99 0 0 0 0
0.325597554196776 -76.022 435.44 0 0 0 0
0.325806003335186 -77.954 433.91 0 0 0 0
0.326014452473596 -79.607 432.75 0 0 0 0
0.326222901612007 -81.25 431.59 0 0 0 0
0.326431350750417 -82.8 430.44 0 0 0 0
0.326639799888827 -84.381 429.02 0 0 0 0
0.326848249027237 -86.034 427.3 0 0 0 0
0.327056698165648 -87.611 425.59 0 0 0 0
0.327265147304058 -88.3 423.87 0 0 0 0
0.327473596442468 -88.989 422.06 0 0 0 0
0.327682045580878 -89.519 420.13 0 0 0 0
0.327890494719288 -89.815 418.2 0 0 0 0
0.328098943857699 -90.11 416.27 0 0 0 0
0.328307392996109 -90.323 414.34 0 0 0 0
0.328515842134519 -90.323 412.4 0 0 0 0
0.328724291272929 -90.323 410.47 0 0 0 0
0.32893274041134 -90.323 408.45 0 0 0 0
0.32914118954975 -90.323 406.25 0 0 0 0
0.32934963868816 -90.323 404.04 0 0 0 0
0.32955808782657 -90.313 401.89 0 0 0 0
0.329766536964981 -90.018 399.96 0 0 0 0
0.329974986103391 -89.722 398.03 0 0 0 0
0.330183435241801 -89.427 396.1 0 0 0 0
0.330391884380211 -88.774 394.17 0 0 0 0
0.330600333518621 -88.085 392.24 0 0 0 0
0.330808782657032 -87.396 390.31 0 0 0 0
0.331017231795442 -86.708 388.38 0 0 0 0
0.331225680933852 -86.019 386.45 0 0 0 0
0.331434130072262 -85.33 384.52 0 0 0 0
0.331642579210673 -84.642 382.59 0 0 0 0
0.331851028349083 -83.953 380.06 0 0 0 0
0.332059477487493 -83.568 376.97 0 0 0 0
0.332267926625903 -83.223 373.88 0 0 0 0
0.332476375764313 -82.78 370.97 0 0 0 0
0.332684824902724 -81.954 368.32 0 0 0 0
0.332893274041134 -81.127 365.68 0 0 0 0
0.333101723179544 -80.771 362.91 0 0 0 0
0.333310172317954 -80.426 359.82 0 0 0 0
0.333518621456365 -80.061 356.73 0 0 0 0
0.333727070594775 -79.648 353.64 0 0 0 0
0.333935519733185 -79.243 350.55 0 0 0 0
0.334143968871595 -78.948 347.46 0 0 0 0
0.334352418010006 -78.653 344.12 0 0 0 0
0.334560867148416 -78.357 340.52 0 0 0 0
0.334769316286826 -78.016 336.92 0 0 0 0
0.334977765425236 -77.672 333.73 0 0 0 0
0.335186214563646 -77.419 330.64 0 0 0 0
0.335394663702057 -77.419 327.34 0 0 0 0
0.335603112840467 -77.419 322.71 0 0 0 0
0.335811561978877 -77.419 318.07 0 0 0 0
0.336020011117287 -77.419 313.44 0 0 0 0
0.336228460255698 -77.419 308.81 0 0 0 0
0.336436909394108 -77.419 304.17 0 0 0 0
0.336645358532518 -77.419 298.81 0 0 0 0
0.336853807670928 -77.419 293.25 0 0 0 0
0.337062256809339 -77.3 288.39 0 0 0 0
0.337270705947749 -76.956 284.06 0 0 0 0
0.337479155086159 -76.612 279.74 0 0 0 0
0.337687604224569 -76.267 275.41 0 0 0 0
0.337896053362979 -75.923 271.02 0 0 0 0
0.33810450250139 -75.579 266.08 0 0 0 0
0.3383129516398 -75.576 261.14 0 0 0 0
0.33852140077821 -75.576 255.65 0 0 0 0
0.33872984991662 -75.483 250.09 0 0 0 0
0.338938299055031 -75.188 243.73 0 0 0 0
0.339146748193441 -74.892 236.93 0 0 0 0
0.339355197331851 -74.575 230.4 0 0 0 0
0.339563646470261 -74.161 224.22 0 0 0 0
0.339772095608671 -73.748 218.17 0 0 0 0
0.339980544747082 -73.335 212.61 0 0 0 0
0.340188993885492 -72.922 207.05 0 0 0 0
0.340397443023902 -72.307 201.49 0 0 0 0
0.340605892162312 -71.618 195.93 0 0 0 0
0.340814341300723 -70.929 189.34 0 0 0 0
0.341022790439133 -70.241 182.39 0 0 0 0
0.341231239577543 -69.552 176.92 0 0 0 0
0.341439688715953 -68.994 171.49 0 0 0 0
0.341648137854364 -68.65 165.93 0 0 0 0
0.341856586992774 -68.305 160.37 0 0 0 0
0.342065036131184 -67.622 155.39 0 0 0 0
0.342273485269594 -66.796 150.45 0 0 0 0
0.342481934408004 -65.969 146.11 0 0 0 0
0.342690383546415 -65.143 141.99 0 0 0 0
0.342898832684825 -64.35 137.83 0 0 0 0
0.343107281823235 -63.661 132.89 0 0 0 0
0.343315730961645 -62.972 127.95 0 0 0 0
0.343524180100056 -62.089 123.51 0 0 0 0
0.343732629238466 -61.056 119.19 0 0 0 0
0.343941078376876 -60.023 114.86 0 0 0 0
0.344149527515286 -59.296 110.54 0 0 0 0
0.344357976653696 -58.607 106.67 0 0 0 0
0.344566425792107 -57.992 103.58 0 0 0 0
0.344774874930517 -57.647 100.49 0 0 0 0
0.344983324068927 -57.303 96.687 0 0 0 0
0.345191773207337 -56.7 92.569 0 0 0 0
0.345400222345748 -55.874 88.471 0 0 0 0
0.345608671484158 -55.3 85.382 0 0 0 0
0.345817120622568 -55.3 82.294 0 0 0 0
0.346025569760978 -55.3 79.383 0 0 0 0
0.346234018899389 -55.083 76.809 0 0 0 0
0.346442468037799 -54.739 74.235 0 0 0 0
0.346650917176209 -54.395 71.315 0 0 0 0
0.346859366314619 -53.591 68.226 0 0 0 0
0.347067815453029 -52.765 65.138 0 0 0 0
0.34727626459144 -52.535 63.078 0 0 0 0
0.34748471372985 -52.535 61.019 0 0 0 0
0.34769316286826 -52.535 58.96 0 0 0 0
0.34790161200667 -52.535 56.901 0 0 0 0
0.348110061145081 -52.535 54.842 0 0 0 0
0.348318510283491 -52.535 53.119 0 0 0 0
0.348526959421901 -52.535 51.575 0 0 0 0
0.348735408560311 -52.535 50.031 0 0 0 0
0.348943857698721 -52.356 48.486 0 0 0 0
0.349152306837132 -52.098 46.942 0 0 0 0
0.349360755975542 -51.839 45.556 0 0 0 0
0.349569205113952 -51.613 44.526 0 0 0 0
0.349777654252362 -51.613 43.496 0 0 0 0
0.349986103390773 -51.613 42.336 0 0 0 0
0.350194552529183 -51.613 41.101 0 0 0 0
0.350403001667593 -51.613 39.949 0 0 0 0
0.350611450806003 -51.613 38.919 0 0 0 0
0.350819899944414 -51.613 37.89 0 0 0 0
0.351028349082824 -51.613 36.968 0 0 0 0
0.351236798221234 -51.613 36.086 0 0 0 0
0.351445247359644 -51.613 35.203 0 0 0 0
0.351653696498055 -51.613 34.546 0 0 0 0
0.351862145636465 -51.613 34.032 0 0 0 0
0.352070594774875 -51.613 33.517 0 0 0 0
0.352279043913285 -51.613 33.002 0 0 0 0
0.352487493051695 -51.512 32.487 0 0 0 0
0.352695942190106 -51.167 31.972 0 0 0 0
0.352904391328516 -50.823 31.458 0 0 0 0
0.353112840466926 -50.479 30.943 0 0 0 0
0.353321289605336 -50.134 30.472 0 0 0 0
0.353529738743747 -49.79 30.031 0 0 0 0
0.353738187882157 -49.77 29.589 0 0 0 0
0.353946637020567 -49.77 29.358 0 0 0 0
0.354155086158977 -49.77 29.358 0 0 0 0
0.354363535297387 -49.558 29.358 0 0 0 0
0.354571984435798 -49.3 29.358 0 0 0 0
0.354780433574208 -49.042 29.358 0 0 0 0
0.354988882712618 -48.701 29.358 0 0 0 0
0.355197331851028 -48.111 29.358 0 0 0 0
0.355405780989439 -47.52 29.358 0 0 0 0
0.355614230127849 -46.967 29.358 0 0 0 0
0.355822679266259 -46.672 29.358 0 0 0 0
0.356031128404669 -46.377 29.358 0 0 0 0
0.356239577543079 -46.08 29.358 0 0 0 0
0.35644802668149 -45.392 29.358 0 0 0 0
0.3566564758199 -44.703 29.358 0 0 0 0
0.35686492495831 -44.014 29.358 0 0 0 0
0.35707337409672 -43.326 29.358 0 0 0 0
0.357281823235131 -42.637 29.358 0 0 0 0
0.357490272373541 -42.012 29.358 0 0 0 0
0.357698721511951 -41.422 29.358 0 0 0 0
0.357907170650361 -40.832 29.358 0 0 0 0
0.358115619788772 -40.086 29.358 0 0 0 0
0.358324068927182 -39.2 29.358 0 0 0 0
0.358532518065592 -38.315 29.358 0 0 0 0
0.358740967204002 -37.549 29.358 0 0 0 0
0.358949416342412 -36.959 29.358 0 0 0 0
0.359157865480823 -36.368 29.358 0 0 0 0
0.359366314619233 -35.695 29.358 0 0 0 0
0.359574763757643 -34.809 29.358 0 0 0 0
0.359783212896053 -33.924 29.358 0 0 0 0
0.359991662034464 -33.085 29.358 0 0 0 0
0.360200111172874 -32.495 29.358 0 0 0 0
0.360408560311284 -31.905 29.358 0 0 0 0
0.360617009449694 -31.303 29.358 0 0 0 0
0.360825458588104 -30.418 29.358 0 0 0 0
0.361033907726515 -29.533 29.358 0 0 0 0
0.361242356864925 -28.647 29.079 0 0 0 0
0.361450806003335 -28.032 28.693 0 0 0 0
0.361659255141745 -27.441 28.307 0 0 0 0
0.361867704280156 -26.851 27.912 0 0 0 0
0.362076153418566 -26.074 27.471 0 0 0 0
0.362284602556976 -25.247 27.029 0 0 0 0
0.362493051695386 -24.498 26.606 0 0 0 0
0.362701500833797 -23.81 26.606 0 0 0 0
0.362909949972207 -23.121 26.606 0 0 0 0
0.363118399110617 -22.584 26.606 0 0 0 0
0.363326848249027 -22.068 26.606 0 0 0 0
0.363535297387437 -21.551 26.606 0 0 0 0
0.363743746525848 -21.012 26.478 0 0 0 0
0.363952195664258 -20.421 25.963 0 0 0 0
0.364160644802668 -19.831 25.449 0 0 0 0
0.364369093941078 -19.184 24.934 0 0 0 0
0.364577543079489 -18.298 24.419 0 0 0 0
0.364785992217899 -17.413 23.904 0 0 0 0
0.364994441356309 -16.548 23.058 0 0 0 0
0.365202890494719 -15.958 22.176 0 0 0 0
0.365411339633129 -15.368 21.293 0 0 0 0
0.36561978877154 -14.777 20.756 0 0 0 0
0.36582823790995 -14.502 20.315 0 0 0 0
0.36603668704836 -14.243 19.873 0 0 0 0
0.36624513618677 -13.985 19.139 0 0 0 0
0.366453585325181 -13.601 18.257 0 0 0 0
0.366662034463591 -13.011 17.374 0 0 0 0
0.366870483602001 -12.42 16.492 0 0 0 0
0.367078932740411 -11.83 15.609 0 0 0 0
0.367287381878822 -11.24 14.727 0 0 0 0
0.367495831017232 -10.65 14.032 0 0 0 0
0.367704280155642 -10.092 13.591 0 0 0 0
0.367912729294052 -9.748 13.15 0 0 0 0
0.368121178432463 -9.403 12.709 0 0 0 0
0.368329627570873 -9.082 12.267 0 0 0 0
0.368538076709283 -8.786 11.826 0 0 0 0
0.368746525847693 -8.491 11.385 0 0 0 0
0.368954974986103 -7.999 10.944 0 0 0 0
0.369163424124514 -7.113 10.502 0 0 0 0
0.369371873262924 -6.228 10.056 0 0 0 0
0.369580322401334 -5.421 9.541 0 0 0 0
0.369788771539744 -4.904 9.027 0 0 0 0
0.369997220678155 -4.387 8.512 0 0 0 0
0.370205669816565 -3.871 7.997 0 0 0 0
0.370414118954975 -2.927 7.482 0 0 0 0
0.370622568093385 -1.747 7.021 0 0 0 0
0.370831017231795 -0.566 6.579 0 0 0 0
0.371039466370206 0.614 6.138 0 0 0 0
0.371247915508616 1.795 5.697 0 0 0 0
0.371456364647026 2.976 5.256 0 0 0 0
0.371664813785436 4.235 4.814 0 0 0 0
0.371873262923847 5.612 4.587 0 0 0 0
0.372081712062257 6.989 4.587 0 0 0 0
0.372290161200667 8.225 4.587 0 0 0 0
0.372498610339077 9.405 4.749 0 0 0 0
0.372707059477488 10.586 5.19 0 0 0 0
0.372915508615898 12.09 5.631 0 0 0 0
0.373123957754308 13.812 6.218 0 0 0 0
0.373332406892718 15.534 7.248 0 0 0 0
0.373540856031128 16.938 8.277 0 0 0 0
0.373749305169539 18.315 9.07 0 0 0 0
0.373957754307949 19.988 9.688 0 0 0 0
0.374166203446359 22.571 10.092 0 0 0 0
0.374374652584769 23.804 10.092 0 0 0 0
0.37458310172318 23.46 10.092 0 0 0 0
0.37479155086159 23.116 9.857 0 0 0 0
0.375 22.393 8.828 0 0 0 0
